pressure[Pa] solidus[K] liquidus[K]
0.0000e+00 1.3752e+03 1.9731e+03
6.5179e+07 1.3838e+03 1.9793e+03
1.3036e+08 1.3924e+03 1.9853e+03
1.9554e+08 1.4010e+03 1.9913e+03
2.6072e+08 1.4096e+03 1.9971e+03
3.2590e+08 1.4182e+03 2.0029e+03
3.9107e+08 1.4268e+03 2.0087e+03
4.5625e+08 1.4354e+03 2.0143e+03
5.2143e+08 1.4440e+03 2.0199e+03
5.8661e+08 1.4526e+03 2.0254e+03
6.5179e+08 1.4612e+03 2.0308e+03
7.1697e+08 1.4698e+03 2.0362e+03
7.8215e+08 1.4784e+03 2.0414e+03
8.4733e+08 1.4870e+03 2.0466e+03
9.1251e+08 1.4956e+03 2.0518e+03
9.7769e+08 1.5042e+03 2.0568e+03
1.0429e+09 1.5128e+03 2.0618e+03
1.1080e+09 1.5214e+03 2.0667e+03
1.1732e+09 1.5300e+03 2.0716e+03
1.2384e+09 1.5386e+03 2.0764e+03
1.3036e+09 1.5472e+03 2.0811e+03
1.3688e+09 1.5558e+03 2.0857e+03
1.4339e+09 1.5644e+03 2.0903e+03
1.4991e+09 1.5730e+03 2.0948e+03
1.5643e+09 1.5816e+03 2.0992e+03
1.6295e+09 1.5902e+03 2.1036e+03
1.6947e+09 1.5988e+03 2.1079e+03
1.7598e+09 1.6074e+03 2.1122e+03
1.8250e+09 1.6161e+03 2.1163e+03
1.8902e+09 1.6247e+03 2.1205e+03
1.9554e+09 1.6333e+03 2.1245e+03
2.0206e+09 1.6419e+03 2.1285e+03
2.0857e+09 1.6505e+03 2.1324e+03
2.1509e+09 1.6591e+03 2.1363e+03
2.2161e+09 1.6677e+03 2.1401e+03
2.2813e+09 1.6763e+03 2.1439e+03
2.3464e+09 1.6849e+03 2.1476e+03
2.4116e+09 1.6935e+03 2.1512e+03
2.4768e+09 1.7021e+03 2.1548e+03
2.5420e+09 1.7107e+03 2.1583e+03
2.6072e+09 1.7193e+03 2.1617e+03
2.6723e+09 1.7279e+03 2.1651e+03
2.7375e+09 1.7363e+03 2.1685e+03
2.8027e+09 1.7451e+03 2.1718e+03
2.8679e+09 1.7537e+03 2.1750e+03
2.9331e+09 1.7621e+03 2.1782e+03
2.9982e+09 1.7703e+03 2.1813e+03
3.0634e+09 1.7783e+03 2.1844e+03
3.1286e+09 1.7861e+03 2.1874e+03
3.1938e+09 1.7938e+03 2.1903e+03
3.2590e+09 1.8013e+03 2.1933e+03
3.3241e+09 1.8087e+03 2.1961e+03
3.3893e+09 1.8159e+03 2.1989e+03
3.4545e+09 1.8229e+03 2.2017e+03
3.5197e+09 1.8299e+03 2.2044e+03
3.5849e+09 1.8366e+03 2.2071e+03
3.6500e+09 1.8433e+03 2.2097e+03
3.7152e+09 1.8498e+03 2.2122e+03
3.7804e+09 1.8562e+03 2.2148e+03
3.8456e+09 1.8625e+03 2.2172e+03
3.9107e+09 1.8687e+03 2.2197e+03
3.9759e+09 1.8748e+03 2.2221e+03
4.0411e+09 1.8808e+03 2.2244e+03
4.1063e+09 1.8866e+03 2.2267e+03
4.1715e+09 1.8924e+03 2.2289e+03
4.2366e+09 1.8981e+03 2.2311e+03
4.3018e+09 1.9037e+03 2.2333e+03
4.3670e+09 1.9091e+03 2.2354e+03
4.4322e+09 1.9146e+03 2.2375e+03
4.4974e+09 1.9199e+03 2.2395e+03
4.5625e+09 1.9251e+03 2.2415e+03
4.6277e+09 1.9303e+03 2.2435e+03
4.6929e+09 1.9354e+03 2.2454e+03
4.7581e+09 1.9404e+03 2.2473e+03
4.8233e+09 1.9453e+03 2.2492e+03
4.8884e+09 1.9502e+03 2.2510e+03
4.9536e+09 1.9550e+03 2.2527e+03
5.0188e+09 1.9597e+03 2.2545e+03
5.0840e+09 1.9643e+03 2.2562e+03
5.1492e+09 1.9689e+03 2.2578e+03
5.2143e+09 1.9735e+03 2.2595e+03
5.2795e+09 1.9780e+03 2.2610e+03
5.3447e+09 1.9824e+03 2.2626e+03
5.4099e+09 1.9867e+03 2.2641e+03
5.4750e+09 1.9910e+03 2.2656e+03
5.5402e+09 1.9953e+03 2.2671e+03
5.6054e+09 1.9995e+03 2.2685e+03
5.6706e+09 2.0036e+03 2.2699e+03
5.7358e+09 2.0077e+03 2.2713e+03
5.8009e+09 2.0117e+03 2.2726e+03
5.8661e+09 2.0157e+03 2.2740e+03
5.9313e+09 2.0196e+03 2.2752e+03
5.9965e+09 2.0235e+03 2.2765e+03
6.0617e+09 2.0274e+03 2.2777e+03
6.1268e+09 2.0312e+03 2.2789e+03
6.1920e+09 2.0349e+03 2.2801e+03
6.2572e+09 2.0386e+03 2.2813e+03
6.3224e+09 2.0423e+03 2.2824e+03
6.3876e+09 2.0459e+03 2.2835e+03
6.4527e+09 2.0495e+03 2.2846e+03
6.5179e+09 2.0531e+03 2.2856e+03
6.5831e+09 2.0566e+03 2.2867e+03
6.6483e+09 2.0601e+03 2.2877e+03
6.7135e+09 2.0635e+03 2.2887e+03
6.7786e+09 2.0669e+03 2.2896e+03
6.8438e+09 2.0702e+03 2.2906e+03
6.9090e+09 2.0736e+03 2.2915e+03
6.9742e+09 2.0769e+03 2.2924e+03
7.0393e+09 2.0801e+03 2.2933e+03
7.1045e+09 2.0833e+03 2.2942e+03
7.1697e+09 2.0865e+03 2.2950e+03
7.2349e+09 2.0897e+03 2.2959e+03
7.3001e+09 2.0928e+03 2.2967e+03
7.3652e+09 2.0959e+03 2.2975e+03
7.4304e+09 2.0990e+03 2.2983e+03
7.4956e+09 2.1020e+03 2.2990e+03
7.5608e+09 2.1050e+03 2.2998e+03
7.6260e+09 2.1080e+03 2.3006e+03
7.6911e+09 2.1109e+03 2.3013e+03
7.7563e+09 2.1139e+03 2.3020e+03
7.8215e+09 2.1167e+03 2.3027e+03
7.8867e+09 2.1196e+03 2.3034e+03
7.9519e+09 2.1225e+03 2.3041e+03
8.0170e+09 2.1253e+03 2.3048e+03
8.0822e+09 2.1281e+03 2.3055e+03
8.1474e+09 2.1308e+03 2.3061e+03
8.2126e+09 2.1335e+03 2.3068e+03
8.2778e+09 2.1363e+03 2.3074e+03
8.3429e+09 2.1389e+03 2.3080e+03
8.4081e+09 2.1416e+03 2.3087e+03
8.4733e+09 2.1443e+03 2.3093e+03
8.5385e+09 2.1469e+03 2.3099e+03
8.6036e+09 2.1495e+03 2.3105e+03
8.6688e+09 2.1520e+03 2.3111e+03
8.7340e+09 2.1546e+03 2.3117e+03
8.7992e+09 2.1571e+03 2.3123e+03
8.8644e+09 2.1596e+03 2.3129e+03
8.9295e+09 2.1621e+03 2.3135e+03
8.9947e+09 2.1646e+03 2.3141e+03
9.0599e+09 2.1670e+03 2.3147e+03
9.1251e+09 2.1694e+03 2.3153e+03
9.1903e+09 2.1718e+03 2.3159e+03
9.2554e+09 2.1742e+03 2.3165e+03
9.3206e+09 2.1766e+03 2.3171e+03
9.3858e+09 2.1789e+03 2.3177e+03
9.4510e+09 2.1813e+03 2.3183e+03
9.5162e+09 2.1836e+03 2.3189e+03
9.5813e+09 2.1859e+03 2.3195e+03
9.6465e+09 2.1881e+03 2.3201e+03
9.7117e+09 2.1904e+03 2.3207e+03
9.7769e+09 2.1926e+03 2.3213e+03
9.8421e+09 2.1948e+03 2.3220e+03
9.9072e+09 2.1971e+03 2.3226e+03
9.9724e+09 2.1992e+03 2.3232e+03
1.0038e+10 2.2014e+03 2.3239e+03
1.0103e+10 2.2036e+03 2.3245e+03
1.0168e+10 2.2057e+03 2.3252e+03
1.0233e+10 2.2078e+03 2.3259e+03
1.0298e+10 2.2099e+03 2.3265e+03
1.0363e+10 2.2120e+03 2.3272e+03
1.0429e+10 2.2141e+03 2.3279e+03
1.0494e+10 2.2161e+03 2.3287e+03
1.0559e+10 2.2182e+03 2.3294e+03
1.0624e+10 2.2202e+03 2.3301e+03
1.0689e+10 2.2222e+03 2.3309e+03
1.0755e+10 2.2242e+03 2.3316e+03
1.0820e+10 2.2262e+03 2.3324e+03
1.0885e+10 2.2282e+03 2.3332e+03
1.0950e+10 2.2301e+03 2.3340e+03
1.1015e+10 2.2321e+03 2.3348e+03
1.1080e+10 2.2340e+03 2.3357e+03
1.1146e+10 2.2359e+03 2.3365e+03
1.1211e+10 2.2378e+03 2.3374e+03
1.1276e+10 2.2397e+03 2.3383e+03
1.1341e+10 2.2416e+03 2.3392e+03
1.1406e+10 2.2435e+03 2.3402e+03
1.1472e+10 2.2453e+03 2.3411e+03
1.1537e+10 2.2471e+03 2.3421e+03
1.1602e+10 2.2490e+03 2.3431e+03
1.1667e+10 2.2508e+03 2.3441e+03
1.1732e+10 2.2526e+03 2.3451e+03
1.1797e+10 2.2544e+03 2.3462e+03
1.1863e+10 2.2562e+03 2.3473e+03
1.1928e+10 2.2579e+03 2.3484e+03
1.1993e+10 2.2597e+03 2.3495e+03
1.2058e+10 2.2614e+03 2.3507e+03
1.2123e+10 2.2631e+03 2.3519e+03
1.2188e+10 2.2649e+03 2.3531e+03
1.2254e+10 2.2666e+03 2.3543e+03
1.2319e+10 2.2683e+03 2.3556e+03
1.2384e+10 2.2700e+03 2.3569e+03
1.2449e+10 2.2716e+03 2.3582e+03
1.2514e+10 2.2733e+03 2.3596e+03
1.2580e+10 2.2750e+03 2.3609e+03
1.2645e+10 2.2766e+03 2.3624e+03
1.2710e+10 2.2782e+03 2.3638e+03
1.2775e+10 2.2799e+03 2.3653e+03
1.2840e+10 2.2815e+03 2.3668e+03
1.2905e+10 2.2831e+03 2.3683e+03
1.2971e+10 2.2847e+03 2.3699e+03
1.3036e+10 2.2862e+03 2.3715e+03
1.3101e+10 2.2878e+03 2.3731e+03
1.3166e+10 2.2894e+03 2.3748e+03
1.3231e+10 2.2909e+03 2.3765e+03
1.3297e+10 2.2925e+03 2.3783e+03
1.3362e+10 2.2940e+03 2.3800e+03
1.3427e+10 2.2955e+03 2.3819e+03
1.3492e+10 2.2971e+03 2.3837e+03
1.3557e+10 2.2986e+03 2.3856e+03
1.3622e+10 2.3001e+03 2.3875e+03
1.3688e+10 2.3016e+03 2.3895e+03
1.3753e+10 2.3030e+03 2.3915e+03
1.3818e+10 2.3045e+03 2.3936e+03
1.3883e+10 2.3060e+03 2.3957e+03
1.3948e+10 2.3074e+03 2.3978e+03
1.4014e+10 2.3089e+03 2.3999e+03
1.4079e+10 2.3103e+03 2.4018e+03
1.4144e+10 2.3117e+03 2.4037e+03
1.4209e+10 2.3132e+03 2.4056e+03
1.4274e+10 2.3146e+03 2.4074e+03
1.4339e+10 2.3160e+03 2.4093e+03
1.4405e+10 2.3174e+03 2.4112e+03
1.4470e+10 2.3188e+03 2.4131e+03
1.4535e+10 2.3202e+03 2.4150e+03
1.4600e+10 2.3215e+03 2.4168e+03
1.4665e+10 2.3229e+03 2.4187e+03
1.4730e+10 2.3243e+03 2.4206e+03
1.4796e+10 2.3256e+03 2.4225e+03
1.4861e+10 2.3269e+03 2.4244e+03
1.4926e+10 2.3283e+03 2.4262e+03
1.4991e+10 2.3296e+03 2.4281e+03
1.5056e+10 2.3309e+03 2.4300e+03
1.5122e+10 2.3322e+03 2.4319e+03
1.5187e+10 2.3336e+03 2.4338e+03
1.5252e+10 2.3348e+03 2.4356e+03
1.5317e+10 2.3361e+03 2.4375e+03
1.5382e+10 2.3374e+03 2.4394e+03
1.5447e+10 2.3387e+03 2.4413e+03
1.5513e+10 2.3400e+03 2.4432e+03
1.5578e+10 2.3412e+03 2.4450e+03
1.5643e+10 2.3425e+03 2.4469e+03
1.5708e+10 2.3437e+03 2.4488e+03
1.5773e+10 2.3450e+03 2.4507e+03
1.5839e+10 2.3462e+03 2.4526e+03
1.5904e+10 2.3475e+03 2.4544e+03
1.5969e+10 2.3487e+03 2.4563e+03
1.6034e+10 2.3499e+03 2.4582e+03
1.6099e+10 2.3511e+03 2.4601e+03
1.6164e+10 2.3523e+03 2.4620e+03
1.6230e+10 2.3535e+03 2.4639e+03
1.6295e+10 2.3547e+03 2.4657e+03
1.6360e+10 2.3559e+03 2.4676e+03
1.6425e+10 2.3571e+03 2.4695e+03
1.6490e+10 2.3582e+03 2.4714e+03
1.6556e+10 2.3594e+03 2.4733e+03
1.6621e+10 2.3606e+03 2.4751e+03
1.6686e+10 2.3617e+03 2.4770e+03
1.6751e+10 2.3629e+03 2.4789e+03
1.6816e+10 2.3640e+03 2.4808e+03
1.6881e+10 2.3651e+03 2.4827e+03
1.6947e+10 2.3663e+03 2.4845e+03
1.7012e+10 2.3674e+03 2.4864e+03
1.7077e+10 2.3685e+03 2.4883e+03
1.7142e+10 2.3696e+03 2.4902e+03
1.7207e+10 2.3707e+03 2.4921e+03
1.7272e+10 2.3719e+03 2.4939e+03
1.7338e+10 2.3729e+03 2.4958e+03
1.7403e+10 2.3740e+03 2.4977e+03
1.7468e+10 2.3751e+03 2.4996e+03
1.7533e+10 2.3762e+03 2.5015e+03
1.7598e+10 2.3773e+03 2.5033e+03
1.7664e+10 2.3784e+03 2.5052e+03
1.7729e+10 2.3794e+03 2.5071e+03
1.7794e+10 2.3805e+03 2.5090e+03
1.7859e+10 2.3815e+03 2.5109e+03
1.7924e+10 2.3826e+03 2.5127e+03
1.7989e+10 2.3836e+03 2.5146e+03
1.8055e+10 2.3847e+03 2.5165e+03
1.8120e+10 2.3857e+03 2.5184e+03
1.8185e+10 2.3867e+03 2.5203e+03
1.8250e+10 2.3878e+03 2.5221e+03
1.8315e+10 2.3888e+03 2.5240e+03
1.8381e+10 2.3898e+03 2.5259e+03
1.8446e+10 2.3908e+03 2.5278e+03
1.8511e+10 2.3918e+03 2.5297e+03
1.8576e+10 2.3928e+03 2.5315e+03
1.8641e+10 2.3938e+03 2.5334e+03
1.8706e+10 2.3948e+03 2.5353e+03
1.8772e+10 2.3958e+03 2.5372e+03
1.8837e+10 2.3967e+03 2.5391e+03
1.8902e+10 2.3977e+03 2.5409e+03
1.8967e+10 2.3987e+03 2.5428e+03
1.9032e+10 2.3997e+03 2.5447e+03
1.9097e+10 2.4006e+03 2.5466e+03
1.9163e+10 2.4016e+03 2.5485e+03
1.9228e+10 2.4025e+03 2.5504e+03
1.9293e+10 2.4035e+03 2.5522e+03
1.9358e+10 2.4044e+03 2.5541e+03
1.9423e+10 2.4054e+03 2.5560e+03
1.9489e+10 2.4063e+03 2.5579e+03
1.9554e+10 2.4072e+03 2.5598e+03
1.9619e+10 2.4082e+03 2.5616e+03
1.9684e+10 2.4091e+03 2.5635e+03
1.9749e+10 2.4100e+03 2.5654e+03
1.9814e+10 2.4109e+03 2.5673e+03
1.9880e+10 2.4118e+03 2.5692e+03
1.9945e+10 2.4127e+03 2.5710e+03
2.0010e+10 2.4136e+03 2.5729e+03
2.0075e+10 2.4145e+03 2.5748e+03
2.0140e+10 2.4154e+03 2.5767e+03
2.0206e+10 2.4163e+03 2.5786e+03
2.0271e+10 2.4172e+03 2.5804e+03
2.0336e+10 2.4181e+03 2.5823e+03
2.0401e+10 2.4189e+03 2.5842e+03
2.0466e+10 2.4198e+03 2.5861e+03
2.0531e+10 2.4207e+03 2.5880e+03
2.0597e+10 2.4215e+03 2.5898e+03
2.0662e+10 2.4224e+03 2.5917e+03
2.0727e+10 2.4233e+03 2.5936e+03
2.0792e+10 2.4241e+03 2.5955e+03
2.0857e+10 2.4250e+03 2.5974e+03
2.0923e+10 2.4258e+03 2.5992e+03
2.0988e+10 2.4267e+03 2.6011e+03
2.1053e+10 2.4275e+03 2.6030e+03
2.1118e+10 2.4283e+03 2.6049e+03
2.1183e+10 2.4292e+03 2.6068e+03
2.1248e+10 2.4300e+03 2.6086e+03
2.1314e+10 2.4308e+03 2.6105e+03
2.1379e+10 2.4316e+03 2.6124e+03
2.1444e+10 2.4324e+03 2.6143e+03
2.1509e+10 2.4333e+03 2.6162e+03
2.1574e+10 2.4341e+03 2.6180e+03
2.1639e+10 2.4349e+03 2.6199e+03
2.1705e+10 2.4357e+03 2.6218e+03
2.1770e+10 2.4365e+03 2.6237e+03
2.1835e+10 2.4373e+03 2.6256e+03
2.1900e+10 2.4381e+03 2.6274e+03
2.1965e+10 2.4388e+03 2.6293e+03
2.2031e+10 2.4396e+03 2.6312e+03
2.2096e+10 2.4404e+03 2.6331e+03
2.2161e+10 2.4412e+03 2.6350e+03
2.2226e+10 2.4420e+03 2.6369e+03
2.2291e+10 2.4427e+03 2.6387e+03
2.2356e+10 2.4435e+03 2.6406e+03
2.2422e+10 2.4443e+03 2.6425e+03
2.2487e+10 2.4450e+03 2.6444e+03
2.2552e+10 2.4458e+03 2.6463e+03
2.2617e+10 2.4465e+03 2.6481e+03
2.2682e+10 2.4473e+03 2.6500e+03
2.2748e+10 2.4480e+03 2.6519e+03
2.2813e+10 2.4488e+03 2.6538e+03
2.2878e+10 2.4495e+03 2.6557e+03
2.2943e+10 2.4503e+03 2.6575e+03
2.3008e+10 2.4510e+03 2.6594e+03
2.3073e+10 2.4517e+03 2.6613e+03
2.3139e+10 2.4524e+03 2.6632e+03
2.3204e+10 2.4532e+03 2.6651e+03
2.3269e+10 2.4539e+03 2.6669e+03
2.3334e+10 2.4546e+03 2.6688e+03
2.3399e+10 2.4553e+03 2.6707e+03
2.3464e+10 2.4560e+03 2.6726e+03
2.3530e+10 2.4568e+03 2.6797e+03
2.3595e+10 2.4575e+03 2.6920e+03
2.3660e+10 2.4582e+03 2.7033e+03
2.3725e+10 2.4589e+03 2.7137e+03
2.3790e+10 2.4596e+03 2.7233e+03
2.3856e+10 2.4603e+03 2.7323e+03
2.3921e+10 2.4610e+03 2.7407e+03
2.3986e+10 2.4616e+03 2.7487e+03
2.4051e+10 2.4623e+03 2.7563e+03
2.4116e+10 2.4630e+03 2.7635e+03
2.4181e+10 2.4637e+03 2.7704e+03
2.4247e+10 2.4644e+03 2.7770e+03
2.4312e+10 2.4650e+03 2.7834e+03
2.4377e+10 2.4657e+03 2.7895e+03
2.4442e+10 2.4664e+03 2.7953e+03
2.4507e+10 2.4671e+03 2.8010e+03
2.4573e+10 2.4677e+03 2.8065e+03
2.4638e+10 2.4684e+03 2.8119e+03
2.4703e+10 2.4690e+03 2.8171e+03
2.4768e+10 2.4697e+03 2.8221e+03
2.4833e+10 2.4704e+03 2.8270e+03
2.4898e+10 2.4710e+03 2.8318e+03
2.4964e+10 2.4717e+03 2.8365e+03
2.5029e+10 2.4771e+03 2.8411e+03
2.5094e+10 2.4881e+03 2.8455e+03
2.5159e+10 2.4985e+03 2.8499e+03
2.5224e+10 2.5084e+03 2.8542e+03
2.5290e+10 2.5178e+03 2.8584e+03
2.5355e+10 2.5267e+03 2.8625e+03
2.5420e+10 2.5353e+03 2.8665e+03
2.5485e+10 2.5435e+03 2.8705e+03
2.5550e+10 2.5513e+03 2.8744e+03
2.5615e+10 2.5589e+03 2.8782e+03
2.5681e+10 2.5662e+03 2.8820e+03
2.5746e+10 2.5732e+03 2.8857e+03
2.5811e+10 2.5801e+03 2.8893e+03
2.5876e+10 2.5866e+03 2.8929e+03
2.5941e+10 2.5930e+03 2.8964e+03
2.6006e+10 2.5992e+03 2.8999e+03
2.6072e+10 2.6052e+03 2.9034e+03
2.6137e+10 2.6111e+03 2.9068e+03
2.6202e+10 2.6167e+03 2.9101e+03
2.6267e+10 2.6223e+03 2.9135e+03
2.6332e+10 2.6277e+03 2.9167e+03
2.6398e+10 2.6329e+03 2.9200e+03
2.6463e+10 2.6381e+03 2.9232e+03
2.6528e+10 2.6431e+03 2.9263e+03
2.6593e+10 2.6480e+03 2.9295e+03
2.6658e+10 2.6528e+03 2.9325e+03
2.6723e+10 2.6575e+03 2.9356e+03
2.6789e+10 2.6621e+03 2.9386e+03
2.6854e+10 2.6666e+03 2.9416e+03
2.6919e+10 2.6710e+03 2.9446e+03
2.6984e+10 2.6753e+03 2.9475e+03
2.7049e+10 2.6796e+03 2.9504e+03
2.7115e+10 2.6837e+03 2.9533e+03
2.7180e+10 2.6878e+03 2.9562e+03
2.7245e+10 2.6919e+03 2.9590e+03
2.7310e+10 2.6958e+03 2.9618e+03
2.7375e+10 2.6997e+03 2.9646e+03
2.7440e+10 2.7036e+03 2.9674e+03
2.7506e+10 2.7073e+03 2.9701e+03
2.7571e+10 2.7110e+03 2.9728e+03
2.7636e+10 2.7147e+03 2.9755e+03
2.7701e+10 2.7183e+03 2.9782e+03
2.7766e+10 2.7218e+03 2.9809e+03
2.7831e+10 2.7253e+03 2.9835e+03
2.7897e+10 2.7288e+03 2.9861e+03
2.7962e+10 2.7322e+03 2.9887e+03
2.8027e+10 2.7355e+03 2.9913e+03
2.8092e+10 2.7388e+03 2.9939e+03
2.8157e+10 2.7421e+03 2.9964e+03
2.8223e+10 2.7453e+03 2.9989e+03
2.8288e+10 2.7485e+03 3.0015e+03
2.8353e+10 2.7516e+03 3.0039e+03
2.8418e+10 2.7548e+03 3.0064e+03
2.8483e+10 2.7578e+03 3.0089e+03
2.8548e+10 2.7609e+03 3.0113e+03
2.8614e+10 2.7639e+03 3.0138e+03
2.8679e+10 2.7668e+03 3.0162e+03
2.8744e+10 2.7697e+03 3.0186e+03
2.8809e+10 2.7726e+03 3.0210e+03
2.8874e+10 2.7755e+03 3.0234e+03
2.8940e+10 2.7784e+03 3.0257e+03
2.9005e+10 2.7812e+03 3.0281e+03
2.9070e+10 2.7839e+03 3.0304e+03
2.9135e+10 2.7867e+03 3.0328e+03
2.9200e+10 2.7894e+03 3.0351e+03
2.9265e+10 2.7921e+03 3.0374e+03
2.9331e+10 2.7948e+03 3.0397e+03
2.9396e+10 2.7974e+03 3.0420e+03
2.9461e+10 2.8001e+03 3.0442e+03
2.9526e+10 2.8027e+03 3.0465e+03
2.9591e+10 2.8052e+03 3.0487e+03
2.9657e+10 2.8078e+03 3.0510e+03
2.9722e+10 2.8103e+03 3.0532e+03
2.9787e+10 2.8128e+03 3.0554e+03
2.9852e+10 2.8153e+03 3.0576e+03
2.9917e+10 2.8178e+03 3.0598e+03
2.9982e+10 2.8202e+03 3.0620e+03
3.0048e+10 2.8226e+03 3.0670e+03
3.0113e+10 2.8250e+03 3.0704e+03
3.0178e+10 2.8274e+03 3.0738e+03
3.0243e+10 2.8298e+03 3.0771e+03
3.0308e+10 2.8321e+03 3.0805e+03
3.0373e+10 2.8344e+03 3.0839e+03
3.0439e+10 2.8368e+03 3.0873e+03
3.0504e+10 2.8390e+03 3.0906e+03
3.0569e+10 2.8413e+03 3.0940e+03
3.0634e+10 2.8436e+03 3.0974e+03
3.0699e+10 2.8458e+03 3.1007e+03
3.0765e+10 2.8481e+03 3.1041e+03
3.0830e+10 2.8503e+03 3.1074e+03
3.0895e+10 2.8525e+03 3.1108e+03
3.0960e+10 2.8546e+03 3.1141e+03
3.1025e+10 2.8568e+03 3.1174e+03
3.1090e+10 2.8590e+03 3.1208e+03
3.1156e+10 2.8611e+03 3.1241e+03
3.1221e+10 2.8632e+03 3.1274e+03
3.1286e+10 2.8653e+03 3.1308e+03
3.1351e+10 2.8674e+03 3.1341e+03
3.1416e+10 2.8695e+03 3.1374e+03
3.1482e+10 2.8716e+03 3.1407e+03
3.1547e+10 2.8736e+03 3.1440e+03
3.1612e+10 2.8757e+03 3.1473e+03
3.1677e+10 2.8777e+03 3.1506e+03
3.1742e+10 2.8797e+03 3.1539e+03
3.1807e+10 2.8817e+03 3.1572e+03
3.1873e+10 2.8837e+03 3.1605e+03
3.1938e+10 2.8857e+03 3.1637e+03
3.2003e+10 2.8877e+03 3.1670e+03
3.2068e+10 2.8896e+03 3.1703e+03
3.2133e+10 2.8916e+03 3.1736e+03
3.2198e+10 2.8935e+03 3.1768e+03
3.2264e+10 2.8954e+03 3.1801e+03
3.2329e+10 2.8974e+03 3.1834e+03
3.2394e+10 2.8993e+03 3.1866e+03
3.2459e+10 2.9012e+03 3.1899e+03
3.2524e+10 2.9031e+03 3.1931e+03
3.2590e+10 2.9049e+03 3.1964e+03
3.2655e+10 2.9068e+03 3.1996e+03
3.2720e+10 2.9087e+03 3.2028e+03
3.2785e+10 2.9105e+03 3.2061e+03
3.2850e+10 2.9123e+03 3.2093e+03
3.2915e+10 2.9142e+03 3.2125e+03
3.2981e+10 2.9160e+03 3.2157e+03
3.3046e+10 2.9178e+03 3.2189e+03
3.3111e+10 2.9196e+03 3.2222e+03
3.3176e+10 2.9214e+03 3.2254e+03
3.3241e+10 2.9232e+03 3.2286e+03
3.3307e+10 2.9250e+03 3.2318e+03
3.3372e+10 2.9267e+03 3.2350e+03
3.3437e+10 2.9285e+03 3.2382e+03
3.3502e+10 2.9302e+03 3.2413e+03
3.3567e+10 2.9320e+03 3.2445e+03
3.3632e+10 2.9337e+03 3.2477e+03
3.3698e+10 2.9354e+03 3.2509e+03
3.3763e+10 2.9372e+03 3.2541e+03
3.3828e+10 2.9389e+03 3.2572e+03
3.3893e+10 2.9406e+03 3.2604e+03
3.3958e+10 2.9423e+03 3.2636e+03
3.4024e+10 2.9440e+03 3.2667e+03
3.4089e+10 2.9456e+03 3.2699e+03
3.4154e+10 2.9473e+03 3.2730e+03
3.4219e+10 2.9490e+03 3.2762e+03
3.4284e+10 2.9507e+03 3.2793e+03
3.4349e+10 2.9523e+03 3.2825e+03
3.4415e+10 2.9540e+03 3.2856e+03
3.4480e+10 2.9556e+03 3.2887e+03
3.4545e+10 2.9572e+03 3.2918e+03
3.4610e+10 2.9589e+03 3.2950e+03
3.4675e+10 2.9605e+03 3.2981e+03
3.4740e+10 2.9621e+03 3.3012e+03
3.4806e+10 2.9637e+03 3.3043e+03
3.4871e+10 2.9653e+03 3.3074e+03
3.4936e+10 2.9669e+03 3.3105e+03
3.5001e+10 2.9685e+03 3.3136e+03
3.5066e+10 2.9701e+03 3.3167e+03
3.5132e+10 2.9717e+03 3.3198e+03
3.5197e+10 2.9733e+03 3.3229e+03
3.5262e+10 2.9748e+03 3.3260e+03
3.5327e+10 2.9764e+03 3.3291e+03
3.5392e+10 2.9779e+03 3.3322e+03
3.5457e+10 2.9795e+03 3.3352e+03
3.5523e+10 2.9810e+03 3.3383e+03
3.5588e+10 2.9826e+03 3.3414e+03
3.5653e+10 2.9841e+03 3.3444e+03
3.5718e+10 2.9856e+03 3.3475e+03
3.5783e+10 2.9872e+03 3.3505e+03
3.5849e+10 2.9887e+03 3.3536e+03
3.5914e+10 2.9902e+03 3.3566e+03
3.5979e+10 2.9917e+03 3.3597e+03
3.6044e+10 2.9932e+03 3.3627e+03
3.6109e+10 2.9947e+03 3.3658e+03
3.6174e+10 2.9962e+03 3.3688e+03
3.6240e+10 2.9977e+03 3.3718e+03
3.6305e+10 2.9992e+03 3.3748e+03
3.6370e+10 3.0007e+03 3.3779e+03
3.6435e+10 3.0021e+03 3.3809e+03
3.6500e+10 3.0036e+03 3.3839e+03
3.6565e+10 3.0051e+03 3.3869e+03
3.6631e+10 3.0065e+03 3.3899e+03
3.6696e+10 3.0080e+03 3.3929e+03
3.6761e+10 3.0095e+03 3.3959e+03
3.6826e+10 3.0109e+03 3.3989e+03
3.6891e+10 3.0123e+03 3.4019e+03
3.6957e+10 3.0138e+03 3.4049e+03
3.7022e+10 3.0152e+03 3.4079e+03
3.7087e+10 3.0166e+03 3.4108e+03
3.7152e+10 3.0181e+03 3.4138e+03
3.7217e+10 3.0195e+03 3.4168e+03
3.7282e+10 3.0209e+03 3.4198e+03
3.7348e+10 3.0223e+03 3.4227e+03
3.7413e+10 3.0237e+03 3.4257e+03
3.7478e+10 3.0251e+03 3.4286e+03
3.7543e+10 3.0266e+03 3.4316e+03
3.7608e+10 3.0279e+03 3.4345e+03
3.7674e+10 3.0293e+03 3.4375e+03
3.7739e+10 3.0307e+03 3.4404e+03
3.7804e+10 3.0321e+03 3.4434e+03
3.7869e+10 3.0335e+03 3.4463e+03
3.7934e+10 3.0349e+03 3.4492e+03
3.7999e+10 3.0363e+03 3.4522e+03
3.8065e+10 3.0376e+03 3.4551e+03
3.8130e+10 3.0390e+03 3.4580e+03
3.8195e+10 3.0404e+03 3.4609e+03
3.8260e+10 3.0417e+03 3.4638e+03
3.8325e+10 3.0431e+03 3.4667e+03
3.8391e+10 3.0444e+03 3.4696e+03
3.8456e+10 3.0458e+03 3.4725e+03
3.8521e+10 3.0471e+03 3.4754e+03
3.8586e+10 3.0485e+03 3.4783e+03
3.8651e+10 3.0498e+03 3.4812e+03
3.8716e+10 3.0512e+03 3.4841e+03
3.8782e+10 3.0525e+03 3.4870e+03
3.8847e+10 3.0538e+03 3.4899e+03
3.8912e+10 3.0551e+03 3.4928e+03
3.8977e+10 3.0565e+03 3.4956e+03
3.9042e+10 3.0578e+03 3.4985e+03
3.9107e+10 3.0591e+03 3.5014e+03
3.9173e+10 3.0604e+03 3.5042e+03
3.9238e+10 3.0617e+03 3.5071e+03
3.9303e+10 3.0630e+03 3.5099e+03
3.9368e+10 3.0643e+03 3.5128e+03
3.9433e+10 3.0656e+03 3.5156e+03
3.9499e+10 3.0669e+03 3.5185e+03
3.9564e+10 3.0682e+03 3.5213e+03
3.9629e+10 3.0695e+03 3.5241e+03
3.9694e+10 3.0708e+03 3.5270e+03
3.9759e+10 3.0721e+03 3.5298e+03
3.9824e+10 3.0734e+03 3.5326e+03
3.9890e+10 3.0747e+03 3.5355e+03
3.9955e+10 3.0760e+03 3.5383e+03
4.0020e+10 3.0772e+03 3.5411e+03
4.0085e+10 3.0785e+03 3.5439e+03
4.0150e+10 3.0798e+03 3.5467e+03
4.0216e+10 3.0810e+03 3.5495e+03
4.0281e+10 3.0823e+03 3.5523e+03
4.0346e+10 3.0836e+03 3.5551e+03
4.0411e+10 3.0848e+03 3.5579e+03
4.0476e+10 3.0861e+03 3.5607e+03
4.0541e+10 3.0873e+03 3.5635e+03
4.0607e+10 3.0886e+03 3.5662e+03
4.0672e+10 3.0898e+03 3.5690e+03
4.0737e+10 3.0911e+03 3.5718e+03
4.0802e+10 3.0923e+03 3.5746e+03
4.0867e+10 3.0936e+03 3.5773e+03
4.0933e+10 3.0948e+03 3.5801e+03
4.0998e+10 3.0960e+03 3.5829e+03
4.1063e+10 3.0973e+03 3.5856e+03
4.1128e+10 3.0985e+03 3.5884e+03
4.1193e+10 3.0997e+03 3.5911e+03
4.1258e+10 3.1010e+03 3.5939e+03
4.1324e+10 3.1022e+03 3.5966e+03
4.1389e+10 3.1034e+03 3.5993e+03
4.1454e+10 3.1046e+03 3.6021e+03
4.1519e+10 3.1058e+03 3.6048e+03
4.1584e+10 3.1070e+03 3.6075e+03
4.1649e+10 3.1083e+03 3.6103e+03
4.1715e+10 3.1095e+03 3.6130e+03
4.1780e+10 3.1107e+03 3.6157e+03
4.1845e+10 3.1119e+03 3.6184e+03
4.1910e+10 3.1131e+03 3.6211e+03
4.1975e+10 3.1143e+03 3.6238e+03
4.2041e+10 3.1155e+03 3.6265e+03
4.2106e+10 3.1167e+03 3.6292e+03
4.2171e+10 3.1179e+03 3.6319e+03
4.2236e+10 3.1191e+03 3.6346e+03
4.2301e+10 3.1202e+03 3.6373e+03
4.2366e+10 3.1214e+03 3.6400e+03
4.2432e+10 3.1226e+03 3.6427e+03
4.2497e+10 3.1238e+03 3.6453e+03
4.2562e+10 3.1250e+03 3.6480e+03
4.2627e+10 3.1262e+03 3.6507e+03
4.2692e+10 3.1273e+03 3.6534e+03
4.2758e+10 3.1285e+03 3.6560e+03
4.2823e+10 3.1297e+03 3.6587e+03
4.2888e+10 3.1309e+03 3.6613e+03
4.2953e+10 3.1320e+03 3.6640e+03
4.3018e+10 3.1332e+03 3.6666e+03
4.3083e+10 3.1343e+03 3.6693e+03
4.3149e+10 3.1355e+03 3.6719e+03
4.3214e+10 3.1367e+03 3.6746e+03
4.3279e+10 3.1378e+03 3.6772e+03
4.3344e+10 3.1390e+03 3.6798e+03
4.3409e+10 3.1401e+03 3.6825e+03
4.3474e+10 3.1413e+03 3.6851e+03
4.3540e+10 3.1424e+03 3.6877e+03
4.3605e+10 3.1436e+03 3.6903e+03
4.3670e+10 3.1447e+03 3.6930e+03
4.3735e+10 3.1459e+03 3.6956e+03
4.3800e+10 3.1470e+03 3.6982e+03
4.3866e+10 3.1482e+03 3.7008e+03
4.3931e+10 3.1493e+03 3.7034e+03
4.3996e+10 3.1504e+03 3.7060e+03
4.4061e+10 3.1516e+03 3.7086e+03
4.4126e+10 3.1527e+03 3.7112e+03
4.4191e+10 3.1538e+03 3.7138e+03
4.4257e+10 3.1550e+03 3.7164e+03
4.4322e+10 3.1561e+03 3.7189e+03
4.4387e+10 3.1572e+03 3.7215e+03
4.4452e+10 3.1584e+03 3.7241e+03
4.4517e+10 3.1595e+03 3.7267e+03
4.4583e+10 3.1606e+03 3.7292e+03
4.4648e+10 3.1617e+03 3.7318e+03
4.4713e+10 3.1628e+03 3.7343e+03
4.4778e+10 3.1640e+03 3.7369e+03
4.4843e+10 3.1651e+03 3.7395e+03
4.4908e+10 3.1662e+03 3.7420e+03
4.4974e+10 3.1673e+03 3.7446e+03
4.5039e+10 3.1684e+03 3.7471e+03
4.5104e+10 3.1695e+03 3.7496e+03
4.5169e+10 3.1706e+03 3.7522e+03
4.5234e+10 3.1717e+03 3.7547e+03
4.5300e+10 3.1728e+03 3.7572e+03
4.5365e+10 3.1739e+03 3.7598e+03
4.5430e+10 3.1750e+03 3.7623e+03
4.5495e+10 3.1761e+03 3.7648e+03
4.5560e+10 3.1772e+03 3.7673e+03
4.5625e+10 3.1783e+03 3.7699e+03
4.5691e+10 3.1794e+03 3.7724e+03
4.5756e+10 3.1805e+03 3.7749e+03
4.5821e+10 3.1816e+03 3.7774e+03
4.5886e+10 3.1827e+03 3.7799e+03
4.5951e+10 3.1838e+03 3.7824e+03
4.6016e+10 3.1849e+03 3.7849e+03
4.6082e+10 3.1860e+03 3.7874e+03
4.6147e+10 3.1870e+03 3.7898e+03
4.6212e+10 3.1881e+03 3.7923e+03
4.6277e+10 3.1892e+03 3.7948e+03
4.6342e+10 3.1903e+03 3.7973e+03
4.6408e+10 3.1914e+03 3.7998e+03
4.6473e+10 3.1924e+03 3.8022e+03
4.6538e+10 3.1935e+03 3.8047e+03
4.6603e+10 3.1946e+03 3.8072e+03
4.6668e+10 3.1957e+03 3.8096e+03
4.6733e+10 3.1967e+03 3.8121e+03
4.6799e+10 3.1978e+03 3.8145e+03
4.6864e+10 3.1989e+03 3.8170e+03
4.6929e+10 3.1999e+03 3.8194e+03
4.6994e+10 3.2010e+03 3.8219e+03
4.7059e+10 3.2021e+03 3.8243e+03
4.7125e+10 3.2031e+03 3.8268e+03
4.7190e+10 3.2042e+03 3.8292e+03
4.7255e+10 3.2052e+03 3.8316e+03
4.7320e+10 3.2063e+03 3.8341e+03
4.7385e+10 3.2074e+03 3.8365e+03
4.7450e+10 3.2084e+03 3.8389e+03
4.7516e+10 3.2095e+03 3.8413e+03
4.7581e+10 3.2105e+03 3.8437e+03
4.7646e+10 3.2116e+03 3.8461e+03
4.7711e+10 3.2126e+03 3.8486e+03
4.7776e+10 3.2137e+03 3.8510e+03
4.7841e+10 3.2147e+03 3.8534e+03
4.7907e+10 3.2158e+03 3.8558e+03
4.7972e+10 3.2168e+03 3.8582e+03
4.8037e+10 3.2179e+03 3.8605e+03
4.8102e+10 3.2189e+03 3.8629e+03
4.8167e+10 3.2199e+03 3.8653e+03
4.8233e+10 3.2210e+03 3.8677e+03
4.8298e+10 3.2220e+03 3.8701e+03
4.8363e+10 3.2231e+03 3.8725e+03
4.8428e+10 3.2241e+03 3.8748e+03
4.8493e+10 3.2251e+03 3.8772e+03
4.8558e+10 3.2262e+03 3.8796e+03
4.8624e+10 3.2272e+03 3.8819e+03
4.8689e+10 3.2282e+03 3.8843e+03
4.8754e+10 3.2293e+03 3.8867e+03
4.8819e+10 3.2303e+03 3.8890e+03
4.8884e+10 3.2313e+03 3.8914e+03
4.8950e+10 3.2324e+03 3.8937e+03
4.9015e+10 3.2334e+03 3.8961e+03
4.9080e+10 3.2344e+03 3.8984e+03
4.9145e+10 3.2354e+03 3.9007e+03
4.9210e+10 3.2365e+03 3.9031e+03
4.9275e+10 3.2375e+03 3.9054e+03
4.9341e+10 3.2385e+03 3.9077e+03
4.9406e+10 3.2395e+03 3.9101e+03
4.9471e+10 3.2405e+03 3.9124e+03
4.9536e+10 3.2416e+03 3.9147e+03
4.9601e+10 3.2426e+03 3.9170e+03
4.9667e+10 3.2436e+03 3.9193e+03
4.9732e+10 3.2446e+03 3.9216e+03
4.9797e+10 3.2456e+03 3.9240e+03
4.9862e+10 3.2466e+03 3.9263e+03
4.9927e+10 3.2476e+03 3.9286e+03
4.9992e+10 3.2486e+03 3.9309e+03
5.0058e+10 3.2496e+03 3.9331e+03
5.0123e+10 3.2507e+03 3.9354e+03
5.0188e+10 3.2517e+03 3.9377e+03
5.0253e+10 3.2527e+03 3.9400e+03
5.0318e+10 3.2537e+03 3.9423e+03
5.0383e+10 3.2547e+03 3.9446e+03
5.0449e+10 3.2557e+03 3.9469e+03
5.0514e+10 3.2567e+03 3.9491e+03
5.0579e+10 3.2577e+03 3.9514e+03
5.0644e+10 3.2587e+03 3.9537e+03
5.0709e+10 3.2597e+03 3.9559e+03
5.0775e+10 3.2607e+03 3.9582e+03
5.0840e+10 3.2617e+03 3.9604e+03
5.0905e+10 3.2627e+03 3.9627e+03
5.0970e+10 3.2637e+03 3.9650e+03
5.1035e+10 3.2647e+03 3.9672e+03
5.1100e+10 3.2656e+03 3.9694e+03
5.1166e+10 3.2666e+03 3.9717e+03
5.1231e+10 3.2676e+03 3.9739e+03
5.1296e+10 3.2686e+03 3.9762e+03
5.1361e+10 3.2696e+03 3.9784e+03
5.1426e+10 3.2706e+03 3.9806e+03
5.1492e+10 3.2716e+03 3.9829e+03
5.1557e+10 3.2726e+03 3.9851e+03
5.1622e+10 3.2735e+03 3.9873e+03
5.1687e+10 3.2745e+03 3.9895e+03
5.1752e+10 3.2755e+03 3.9917e+03
5.1817e+10 3.2765e+03 3.9939e+03
5.1883e+10 3.2775e+03 3.9962e+03
5.1948e+10 3.2785e+03 3.9984e+03
5.2013e+10 3.2794e+03 4.0006e+03
5.2078e+10 3.2804e+03 4.0028e+03
5.2143e+10 3.2814e+03 4.0050e+03
5.2208e+10 3.2824e+03 4.0072e+03
5.2274e+10 3.2833e+03 4.0093e+03
5.2339e+10 3.2843e+03 4.0115e+03
5.2404e+10 3.2853e+03 4.0137e+03
5.2469e+10 3.2863e+03 4.0159e+03
5.2534e+10 3.2872e+03 4.0181e+03
5.2600e+10 3.2882e+03 4.0203e+03
5.2665e+10 3.2892e+03 4.0224e+03
5.2730e+10 3.2901e+03 4.0246e+03
5.2795e+10 3.2911e+03 4.0268e+03
5.2860e+10 3.2921e+03 4.0289e+03
5.2925e+10 3.2930e+03 4.0311e+03
5.2991e+10 3.2940e+03 4.0333e+03
5.3056e+10 3.2950e+03 4.0354e+03
5.3121e+10 3.2959e+03 4.0376e+03
5.3186e+10 3.2969e+03 4.0397e+03
5.3251e+10 3.2979e+03 4.0419e+03
5.3317e+10 3.2988e+03 4.0440e+03
5.3382e+10 3.2998e+03 4.0461e+03
5.3447e+10 3.3007e+03 4.0483e+03
5.3512e+10 3.3017e+03 4.0504e+03
5.3577e+10 3.3027e+03 4.0526e+03
5.3642e+10 3.3036e+03 4.0547e+03
5.3708e+10 3.3046e+03 4.0568e+03
5.3773e+10 3.3055e+03 4.0589e+03
5.3838e+10 3.3065e+03 4.0611e+03
5.3903e+10 3.3074e+03 4.0632e+03
5.3968e+10 3.3084e+03 4.0653e+03
5.4034e+10 3.3093e+03 4.0674e+03
5.4099e+10 3.3103e+03 4.0695e+03
5.4164e+10 3.3112e+03 4.0716e+03
5.4229e+10 3.3122e+03 4.0737e+03
5.4294e+10 3.3131e+03 4.0758e+03
5.4359e+10 3.3141e+03 4.0779e+03
5.4425e+10 3.3150e+03 4.0800e+03
5.4490e+10 3.3160e+03 4.0821e+03
5.4555e+10 3.3169e+03 4.0842e+03
5.4620e+10 3.3179e+03 4.0863e+03
5.4685e+10 3.3188e+03 4.0884e+03
5.4750e+10 3.3198e+03 4.0904e+03
5.4816e+10 3.3207e+03 4.0925e+03
5.4881e+10 3.3217e+03 4.0946e+03
5.4946e+10 3.3226e+03 4.0967e+03
5.5011e+10 3.3235e+03 4.0987e+03
5.5076e+10 3.3245e+03 4.1008e+03
5.5142e+10 3.3254e+03 4.1029e+03
5.5207e+10 3.3264e+03 4.1049e+03
5.5272e+10 3.3273e+03 4.1070e+03
5.5337e+10 3.3282e+03 4.1090e+03
5.5402e+10 3.3292e+03 4.1111e+03
5.5467e+10 3.3301e+03 4.1131e+03
5.5533e+10 3.3310e+03 4.1152e+03
5.5598e+10 3.3320e+03 4.1172e+03
5.5663e+10 3.3329e+03 4.1193e+03
5.5728e+10 3.3338e+03 4.1213e+03
5.5793e+10 3.3348e+03 4.1233e+03
5.5859e+10 3.3357e+03 4.1254e+03
5.5924e+10 3.3366e+03 4.1274e+03
5.5989e+10 3.3376e+03 4.1294e+03
5.6054e+10 3.3385e+03 4.1314e+03
5.6119e+10 3.3394e+03 4.1335e+03
5.6184e+10 3.3403e+03 4.1355e+03
5.6250e+10 3.3413e+03 4.1375e+03
5.6315e+10 3.3422e+03 4.1395e+03
5.6380e+10 3.3431e+03 4.1415e+03
5.6445e+10 3.3440e+03 4.1435e+03
5.6510e+10 3.3450e+03 4.1455e+03
5.6575e+10 3.3459e+03 4.1475e+03
5.6641e+10 3.3468e+03 4.1495e+03
5.6706e+10 3.3477e+03 4.1515e+03
5.6771e+10 3.3487e+03 4.1535e+03
5.6836e+10 3.3496e+03 4.1555e+03
5.6901e+10 3.3505e+03 4.1575e+03
5.6967e+10 3.3514e+03 4.1595e+03
5.7032e+10 3.3523e+03 4.1615e+03
5.7097e+10 3.3533e+03 4.1635e+03
5.7162e+10 3.3542e+03 4.1654e+03
5.7227e+10 3.3551e+03 4.1674e+03
5.7292e+10 3.3560e+03 4.1694e+03
5.7358e+10 3.3569e+03 4.1714e+03
5.7423e+10 3.3578e+03 4.1733e+03
5.7488e+10 3.3587e+03 4.1753e+03
5.7553e+10 3.3597e+03 4.1772e+03
5.7618e+10 3.3606e+03 4.1792e+03
5.7684e+10 3.3615e+03 4.1812e+03
5.7749e+10 3.3624e+03 4.1831e+03
5.7814e+10 3.3633e+03 4.1851e+03
5.7879e+10 3.3642e+03 4.1870e+03
5.7944e+10 3.3651e+03 4.1890e+03
5.8009e+10 3.3660e+03 4.1909e+03
5.8075e+10 3.3669e+03 4.1928e+03
5.8140e+10 3.3679e+03 4.1948e+03
5.8205e+10 3.3688e+03 4.1967e+03
5.8270e+10 3.3697e+03 4.1986e+03
5.8335e+10 3.3706e+03 4.2006e+03
5.8401e+10 3.3715e+03 4.2025e+03
5.8466e+10 3.3724e+03 4.2044e+03
5.8531e+10 3.3733e+03 4.2063e+03
5.8596e+10 3.3742e+03 4.2083e+03
5.8661e+10 3.3751e+03 4.2102e+03
5.8726e+10 3.3760e+03 4.2121e+03
5.8792e+10 3.3769e+03 4.2140e+03
5.8857e+10 3.3778e+03 4.2159e+03
5.8922e+10 3.3787e+03 4.2178e+03
5.8987e+10 3.3796e+03 4.2197e+03
5.9052e+10 3.3805e+03 4.2216e+03
5.9117e+10 3.3814e+03 4.2235e+03
5.9183e+10 3.3823e+03 4.2254e+03
5.9248e+10 3.3832e+03 4.2273e+03
5.9313e+10 3.3841e+03 4.2292e+03
5.9378e+10 3.3850e+03 4.2311e+03
5.9443e+10 3.3859e+03 4.2329e+03
5.9509e+10 3.3868e+03 4.2348e+03
5.9574e+10 3.3877e+03 4.2367e+03
5.9639e+10 3.3886e+03 4.2386e+03
5.9704e+10 3.3895e+03 4.2405e+03
5.9769e+10 3.3904e+03 4.2423e+03
5.9834e+10 3.3912e+03 4.2442e+03
5.9900e+10 3.3921e+03 4.2461e+03
5.9965e+10 3.3930e+03 4.2479e+03
6.0030e+10 3.3939e+03 4.2498e+03
6.0095e+10 3.3948e+03 4.2516e+03
6.0160e+10 3.3957e+03 4.2535e+03
6.0226e+10 3.3966e+03 4.2554e+03
6.0291e+10 3.3975e+03 4.2572e+03
6.0356e+10 3.3984e+03 4.2590e+03
6.0421e+10 3.3993e+03 4.2609e+03
6.0486e+10 3.4001e+03 4.2627e+03
6.0551e+10 3.4010e+03 4.2646e+03
6.0617e+10 3.4019e+03 4.2664e+03
6.0682e+10 3.4028e+03 4.2682e+03
6.0747e+10 3.4037e+03 4.2701e+03
6.0812e+10 3.4046e+03 4.2719e+03
6.0877e+10 3.4055e+03 4.2737e+03
6.0942e+10 3.4063e+03 4.2756e+03
6.1008e+10 3.4072e+03 4.2774e+03
6.1073e+10 3.4081e+03 4.2792e+03
6.1138e+10 3.4090e+03 4.2810e+03
6.1203e+10 3.4099e+03 4.2828e+03
6.1268e+10 3.4107e+03 4.2847e+03
6.1334e+10 3.4116e+03 4.2865e+03
6.1399e+10 3.4125e+03 4.2883e+03
6.1464e+10 3.4134e+03 4.2901e+03
6.1529e+10 3.4143e+03 4.2919e+03
6.1594e+10 3.4151e+03 4.2937e+03
6.1659e+10 3.4160e+03 4.2955e+03
6.1725e+10 3.4169e+03 4.2973e+03
6.1790e+10 3.4178e+03 4.2991e+03
6.1855e+10 3.4186e+03 4.3008e+03
6.1920e+10 3.4195e+03 4.3026e+03
6.1985e+10 3.4204e+03 4.3044e+03
6.2051e+10 3.4213e+03 4.3062e+03
6.2116e+10 3.4221e+03 4.3080e+03
6.2181e+10 3.4230e+03 4.3098e+03
6.2246e+10 3.4239e+03 4.3115e+03
6.2311e+10 3.4248e+03 4.3133e+03
6.2376e+10 3.4256e+03 4.3151e+03
6.2442e+10 3.4265e+03 4.3168e+03
6.2507e+10 3.4274e+03 4.3186e+03
6.2572e+10 3.4282e+03 4.3204e+03
6.2637e+10 3.4291e+03 4.3221e+03
6.2702e+10 3.4300e+03 4.3239e+03
6.2768e+10 3.4309e+03 4.3256e+03
6.2833e+10 3.4317e+03 4.3274e+03
6.2898e+10 3.4326e+03 4.3291e+03
6.2963e+10 3.4335e+03 4.3309e+03
6.3028e+10 3.4343e+03 4.3326e+03
6.3093e+10 3.4352e+03 4.3344e+03
6.3159e+10 3.4361e+03 4.3361e+03
6.3224e+10 3.4369e+03 4.3379e+03
6.3289e+10 3.4378e+03 4.3396e+03
6.3354e+10 3.4387e+03 4.3413e+03
6.3419e+10 3.4395e+03 4.3431e+03
6.3484e+10 3.4404e+03 4.3448e+03
6.3550e+10 3.4412e+03 4.3465e+03
6.3615e+10 3.4421e+03 4.3482e+03
6.3680e+10 3.4430e+03 4.3500e+03
6.3745e+10 3.4438e+03 4.3517e+03
6.3810e+10 3.4447e+03 4.3534e+03
6.3876e+10 3.4456e+03 4.3551e+03
6.3941e+10 3.4464e+03 4.3568e+03
6.4006e+10 3.4473e+03 4.3585e+03
6.4071e+10 3.4481e+03 4.3602e+03
6.4136e+10 3.4490e+03 4.3619e+03
6.4201e+10 3.4499e+03 4.3636e+03
6.4267e+10 3.4507e+03 4.3653e+03
6.4332e+10 3.4516e+03 4.3670e+03
6.4397e+10 3.4524e+03 4.3687e+03
6.4462e+10 3.4533e+03 4.3704e+03
6.4527e+10 3.4541e+03 4.3721e+03
6.4593e+10 3.4550e+03 4.3738e+03
6.4658e+10 3.4559e+03 4.3755e+03
6.4723e+10 3.4567e+03 4.3772e+03
6.4788e+10 3.4576e+03 4.3789e+03
6.4853e+10 3.4584e+03 4.3805e+03
6.4918e+10 3.4593e+03 4.3822e+03
6.4984e+10 3.4601e+03 4.3839e+03
6.5049e+10 3.4610e+03 4.3856e+03
6.5114e+10 3.4618e+03 4.3872e+03
6.5179e+10 3.4627e+03 4.3889e+03
6.5244e+10 3.4635e+03 4.3906e+03
6.5309e+10 3.4644e+03 4.3922e+03
6.5375e+10 3.4652e+03 4.3939e+03
6.5440e+10 3.4661e+03 4.3955e+03
6.5505e+10 3.4669e+03 4.3972e+03
6.5570e+10 3.4678e+03 4.3989e+03
6.5635e+10 3.4686e+03 4.4005e+03
6.5701e+10 3.4695e+03 4.4022e+03
6.5766e+10 3.4703e+03 4.4038e+03
6.5831e+10 3.4712e+03 4.4054e+03
6.5896e+10 3.4720e+03 4.4071e+03
6.5961e+10 3.4729e+03 4.4087e+03
6.6026e+10 3.4737e+03 4.4104e+03
6.6092e+10 3.4746e+03 4.4120e+03
6.6157e+10 3.4754e+03 4.4136e+03
6.6222e+10 3.4763e+03 4.4153e+03
6.6287e+10 3.4771e+03 4.4169e+03
6.6352e+10 3.4780e+03 4.4185e+03
6.6418e+10 3.4788e+03 4.4201e+03
6.6483e+10 3.4796e+03 4.4218e+03
6.6548e+10 3.4805e+03 4.4234e+03
6.6613e+10 3.4813e+03 4.4250e+03
6.6678e+10 3.4822e+03 4.4266e+03
6.6743e+10 3.4830e+03 4.4282e+03
6.6809e+10 3.4839e+03 4.4298e+03
6.6874e+10 3.4847e+03 4.4314e+03
6.6939e+10 3.4855e+03 4.4330e+03
6.7004e+10 3.4864e+03 4.4346e+03
6.7069e+10 3.4872e+03 4.4362e+03
6.7135e+10 3.4881e+03 4.4378e+03
6.7200e+10 3.4889e+03 4.4394e+03
6.7265e+10 3.4897e+03 4.4410e+03
6.7330e+10 3.4906e+03 4.4426e+03
6.7395e+10 3.4914e+03 4.4442e+03
6.7460e+10 3.4923e+03 4.4458e+03
6.7526e+10 3.4931e+03 4.4474e+03
6.7591e+10 3.4939e+03 4.4490e+03
6.7656e+10 3.4948e+03 4.4506e+03
6.7721e+10 3.4956e+03 4.4521e+03
6.7786e+10 3.4964e+03 4.4537e+03
6.7851e+10 3.4973e+03 4.4553e+03
6.7917e+10 3.4981e+03 4.4569e+03
6.7982e+10 3.4990e+03 4.4584e+03
6.8047e+10 3.4998e+03 4.4600e+03
6.8112e+10 3.5006e+03 4.4616e+03
6.8177e+10 3.5015e+03 4.4631e+03
6.8243e+10 3.5023e+03 4.4647e+03
6.8308e+10 3.5031e+03 4.4662e+03
6.8373e+10 3.5040e+03 4.4678e+03
6.8438e+10 3.5048e+03 4.4694e+03
6.8503e+10 3.5056e+03 4.4709e+03
6.8568e+10 3.5065e+03 4.4725e+03
6.8634e+10 3.5073e+03 4.4740e+03
6.8699e+10 3.5081e+03 4.4756e+03
6.8764e+10 3.5089e+03 4.4771e+03
6.8829e+10 3.5098e+03 4.4786e+03
6.8894e+10 3.5106e+03 4.4802e+03
6.8960e+10 3.5114e+03 4.4817e+03
6.9025e+10 3.5123e+03 4.4832e+03
6.9090e+10 3.5131e+03 4.4848e+03
6.9155e+10 3.5139e+03 4.4863e+03
6.9220e+10 3.5148e+03 4.4878e+03
6.9285e+10 3.5156e+03 4.4894e+03
6.9351e+10 3.5164e+03 4.4909e+03
6.9416e+10 3.5172e+03 4.4924e+03
6.9481e+10 3.5181e+03 4.4939e+03
6.9546e+10 3.5189e+03 4.4955e+03
6.9611e+10 3.5197e+03 4.4970e+03
6.9677e+10 3.5205e+03 4.4985e+03
6.9742e+10 3.5214e+03 4.5000e+03
6.9807e+10 3.5222e+03 4.5015e+03
6.9872e+10 3.5230e+03 4.5030e+03
6.9937e+10 3.5238e+03 4.5045e+03
7.0002e+10 3.5247e+03 4.5060e+03
7.0068e+10 3.5255e+03 4.5075e+03
7.0133e+10 3.5263e+03 4.5090e+03
7.0198e+10 3.5271e+03 4.5105e+03
7.0263e+10 3.5280e+03 4.5120e+03
7.0328e+10 3.5288e+03 4.5135e+03
7.0393e+10 3.5296e+03 4.5150e+03
7.0459e+10 3.5304e+03 4.5165e+03
7.0524e+10 3.5312e+03 4.5180e+03
7.0589e+10 3.5321e+03 4.5195e+03
7.0654e+10 3.5329e+03 4.5209e+03
7.0719e+10 3.5337e+03 4.5224e+03
7.0785e+10 3.5345e+03 4.5239e+03
7.0850e+10 3.5354e+03 4.5254e+03
7.0915e+10 3.5362e+03 4.5268e+03
7.0980e+10 3.5370e+03 4.5283e+03
7.1045e+10 3.5378e+03 4.5298e+03
7.1110e+10 3.5386e+03 4.5313e+03
7.1176e+10 3.5394e+03 4.5327e+03
7.1241e+10 3.5403e+03 4.5342e+03
7.1306e+10 3.5411e+03 4.5356e+03
7.1371e+10 3.5419e+03 4.5371e+03
7.1436e+10 3.5427e+03 4.5386e+03
7.1502e+10 3.5435e+03 4.5400e+03
7.1567e+10 3.5443e+03 4.5415e+03
7.1632e+10 3.5452e+03 4.5429e+03
7.1697e+10 3.5460e+03 4.5444e+03
7.1762e+10 3.5468e+03 4.5458e+03
7.1827e+10 3.5476e+03 4.5473e+03
7.1893e+10 3.5484e+03 4.5487e+03
7.1958e+10 3.5492e+03 4.5502e+03
7.2023e+10 3.5501e+03 4.5516e+03
7.2088e+10 3.5509e+03 4.5530e+03
7.2153e+10 3.5517e+03 4.5545e+03
7.2218e+10 3.5525e+03 4.5559e+03
7.2284e+10 3.5533e+03 4.5573e+03
7.2349e+10 3.5541e+03 4.5588e+03
7.2414e+10 3.5549e+03 4.5602e+03
7.2479e+10 3.5557e+03 4.5616e+03
7.2544e+10 3.5566e+03 4.5630e+03
7.2610e+10 3.5574e+03 4.5645e+03
7.2675e+10 3.5582e+03 4.5659e+03
7.2740e+10 3.5590e+03 4.5673e+03
7.2805e+10 3.5598e+03 4.5687e+03
7.2870e+10 3.5606e+03 4.5701e+03
7.2935e+10 3.5614e+03 4.5715e+03
7.3001e+10 3.5622e+03 4.5729e+03
7.3066e+10 3.5630e+03 4.5743e+03
7.3131e+10 3.5638e+03 4.5758e+03
7.3196e+10 3.5647e+03 4.5772e+03
7.3261e+10 3.5655e+03 4.5786e+03
7.3327e+10 3.5663e+03 4.5800e+03
7.3392e+10 3.5671e+03 4.5814e+03
7.3457e+10 3.5679e+03 4.5828e+03
7.3522e+10 3.5687e+03 4.5841e+03
7.3587e+10 3.5695e+03 4.5855e+03
7.3652e+10 3.5703e+03 4.5869e+03
7.3718e+10 3.5711e+03 4.5883e+03
7.3783e+10 3.5719e+03 4.5897e+03
7.3848e+10 3.5727e+03 4.5911e+03
7.3913e+10 3.5735e+03 4.5925e+03
7.3978e+10 3.5743e+03 4.5938e+03
7.4044e+10 3.5751e+03 4.5952e+03
7.4109e+10 3.5759e+03 4.5966e+03
7.4174e+10 3.5767e+03 4.5980e+03
7.4239e+10 3.5775e+03 4.5993e+03
7.4304e+10 3.5784e+03 4.6007e+03
7.4369e+10 3.5792e+03 4.6021e+03
7.4435e+10 3.5800e+03 4.6034e+03
7.4500e+10 3.5808e+03 4.6048e+03
7.4565e+10 3.5816e+03 4.6062e+03
7.4630e+10 3.5824e+03 4.6075e+03
7.4695e+10 3.5832e+03 4.6089e+03
7.4760e+10 3.5840e+03 4.6103e+03
7.4826e+10 3.5848e+03 4.6116e+03
7.4891e+10 3.5856e+03 4.6130e+03
7.4956e+10 3.5864e+03 4.6143e+03
7.5021e+10 3.5872e+03 4.6157e+03
7.5086e+10 3.5880e+03 4.6170e+03
7.5152e+10 3.5888e+03 4.6184e+03
7.5217e+10 3.5896e+03 4.6197e+03
7.5282e+10 3.5904e+03 4.6210e+03
7.5347e+10 3.5912e+03 4.6224e+03
7.5412e+10 3.5920e+03 4.6237e+03
7.5477e+10 3.5928e+03 4.6251e+03
7.5543e+10 3.5936e+03 4.6264e+03
7.5608e+10 3.5944e+03 4.6277e+03
7.5673e+10 3.5952e+03 4.6290e+03
7.5738e+10 3.5960e+03 4.6304e+03
7.5803e+10 3.5968e+03 4.6317e+03
7.5869e+10 3.5976e+03 4.6330e+03
7.5934e+10 3.5983e+03 4.6344e+03
7.5999e+10 3.5991e+03 4.6357e+03
7.6064e+10 3.5999e+03 4.6370e+03
7.6129e+10 3.6007e+03 4.6383e+03
7.6194e+10 3.6015e+03 4.6396e+03
7.6260e+10 3.6023e+03 4.6409e+03
7.6325e+10 3.6031e+03 4.6423e+03
7.6390e+10 3.6039e+03 4.6436e+03
7.6455e+10 3.6047e+03 4.6449e+03
7.6520e+10 3.6055e+03 4.6462e+03
7.6585e+10 3.6063e+03 4.6475e+03
7.6651e+10 3.6071e+03 4.6488e+03
7.6716e+10 3.6079e+03 4.6501e+03
7.6781e+10 3.6087e+03 4.6514e+03
7.6846e+10 3.6095e+03 4.6527e+03
7.6911e+10 3.6103e+03 4.6540e+03
7.6977e+10 3.6111e+03 4.6553e+03
7.7042e+10 3.6119e+03 4.6566e+03
7.7107e+10 3.6126e+03 4.6578e+03
7.7172e+10 3.6134e+03 4.6591e+03
7.7237e+10 3.6142e+03 4.6604e+03
7.7302e+10 3.6150e+03 4.6617e+03
7.7368e+10 3.6158e+03 4.6630e+03
7.7433e+10 3.6166e+03 4.6643e+03
7.7498e+10 3.6174e+03 4.6655e+03
7.7563e+10 3.6182e+03 4.6668e+03
7.7628e+10 3.6190e+03 4.6681e+03
7.7694e+10 3.6198e+03 4.6694e+03
7.7759e+10 3.6205e+03 4.6706e+03
7.7824e+10 3.6213e+03 4.6719e+03
7.7889e+10 3.6221e+03 4.6732e+03
7.7954e+10 3.6229e+03 4.6745e+03
7.8019e+10 3.6237e+03 4.6757e+03
7.8085e+10 3.6245e+03 4.6770e+03
7.8150e+10 3.6253e+03 4.6782e+03
7.8215e+10 3.6261e+03 4.6795e+03
7.8280e+10 3.6269e+03 4.6808e+03
7.8345e+10 3.6276e+03 4.6820e+03
7.8411e+10 3.6284e+03 4.6833e+03
7.8476e+10 3.6292e+03 4.6845e+03
7.8541e+10 3.6300e+03 4.6858e+03
7.8606e+10 3.6308e+03 4.6870e+03
7.8671e+10 3.6316e+03 4.6883e+03
7.8736e+10 3.6324e+03 4.6895e+03
7.8802e+10 3.6331e+03 4.6908e+03
7.8867e+10 3.6339e+03 4.6920e+03
7.8932e+10 3.6347e+03 4.6932e+03
7.8997e+10 3.6355e+03 4.6945e+03
7.9062e+10 3.6363e+03 4.6957e+03
7.9127e+10 3.6371e+03 4.6969e+03
7.9193e+10 3.6379e+03 4.6982e+03
7.9258e+10 3.6386e+03 4.6994e+03
7.9323e+10 3.6394e+03 4.7006e+03
7.9388e+10 3.6402e+03 4.7019e+03
7.9453e+10 3.6410e+03 4.7031e+03
7.9519e+10 3.6418e+03 4.7043e+03
7.9584e+10 3.6426e+03 4.7055e+03
7.9649e+10 3.6433e+03 4.7068e+03
7.9714e+10 3.6441e+03 4.7080e+03
7.9779e+10 3.6449e+03 4.7092e+03
7.9844e+10 3.6457e+03 4.7104e+03
7.9910e+10 3.6465e+03 4.7116e+03
7.9975e+10 3.6472e+03 4.7128e+03
8.0040e+10 3.6480e+03 4.7140e+03
8.0105e+10 3.6488e+03 4.7153e+03
8.0170e+10 3.6496e+03 4.7165e+03
8.0236e+10 3.6504e+03 4.7177e+03
8.0301e+10 3.6511e+03 4.7189e+03
8.0366e+10 3.6519e+03 4.7201e+03
8.0431e+10 3.6527e+03 4.7213e+03
8.0496e+10 3.6535e+03 4.7225e+03
8.0561e+10 3.6543e+03 4.7237e+03
8.0627e+10 3.6550e+03 4.7249e+03
8.0692e+10 3.6558e+03 4.7261e+03
8.0757e+10 3.6566e+03 4.7272e+03
8.0822e+10 3.6574e+03 4.7284e+03
8.0887e+10 3.6582e+03 4.7296e+03
8.0952e+10 3.6589e+03 4.7308e+03
8.1018e+10 3.6597e+03 4.7320e+03
8.1083e+10 3.6605e+03 4.7332e+03
8.1148e+10 3.6613e+03 4.7344e+03
8.1213e+10 3.6620e+03 4.7355e+03
8.1278e+10 3.6628e+03 4.7367e+03
8.1344e+10 3.6636e+03 4.7379e+03
8.1409e+10 3.6644e+03 4.7391e+03
8.1474e+10 3.6652e+03 4.7402e+03
8.1539e+10 3.6659e+03 4.7414e+03
8.1604e+10 3.6667e+03 4.7426e+03
8.1669e+10 3.6675e+03 4.7438e+03
8.1735e+10 3.6683e+03 4.7449e+03
8.1800e+10 3.6690e+03 4.7461e+03
8.1865e+10 3.6698e+03 4.7473e+03
8.1930e+10 3.6706e+03 4.7484e+03
8.1995e+10 3.6714e+03 4.7496e+03
8.2061e+10 3.6721e+03 4.7507e+03
8.2126e+10 3.6729e+03 4.7519e+03
8.2191e+10 3.6737e+03 4.7530e+03
8.2256e+10 3.6744e+03 4.7542e+03
8.2321e+10 3.6752e+03 4.7554e+03
8.2386e+10 3.6760e+03 4.7565e+03
8.2452e+10 3.6768e+03 4.7577e+03
8.2517e+10 3.6775e+03 4.7588e+03
8.2582e+10 3.6783e+03 4.7599e+03
8.2647e+10 3.6791e+03 4.7611e+03
8.2712e+10 3.6799e+03 4.7622e+03
8.2778e+10 3.6806e+03 4.7634e+03
8.2843e+10 3.6814e+03 4.7645e+03
8.2908e+10 3.6822e+03 4.7656e+03
8.2973e+10 3.6829e+03 4.7668e+03
8.3038e+10 3.6837e+03 4.7679e+03
8.3103e+10 3.6845e+03 4.7690e+03
8.3169e+10 3.6853e+03 4.7702e+03
8.3234e+10 3.6860e+03 4.7713e+03
8.3299e+10 3.6868e+03 4.7724e+03
8.3364e+10 3.6876e+03 4.7736e+03
8.3429e+10 3.6883e+03 4.7747e+03
8.3494e+10 3.6891e+03 4.7758e+03
8.3560e+10 3.6899e+03 4.7769e+03
8.3625e+10 3.6906e+03 4.7781e+03
8.3690e+10 3.6914e+03 4.7792e+03
8.3755e+10 3.6922e+03 4.7803e+03
8.3820e+10 3.6929e+03 4.7814e+03
8.3886e+10 3.6937e+03 4.7825e+03
8.3951e+10 3.6945e+03 4.7836e+03
8.4016e+10 3.6953e+03 4.7847e+03
8.4081e+10 3.6960e+03 4.7858e+03
8.4146e+10 3.6968e+03 4.7870e+03
8.4211e+10 3.6976e+03 4.7881e+03
8.4277e+10 3.6983e+03 4.7892e+03
8.4342e+10 3.6991e+03 4.7903e+03
8.4407e+10 3.6999e+03 4.7914e+03
8.4472e+10 3.7006e+03 4.7925e+03
8.4537e+10 3.7014e+03 4.7936e+03
8.4603e+10 3.7022e+03 4.7947e+03
8.4668e+10 3.7029e+03 4.7958e+03
8.4733e+10 3.7037e+03 4.7968e+03
8.4798e+10 3.7045e+03 4.7979e+03
8.4863e+10 3.7052e+03 4.7990e+03
8.4928e+10 3.7060e+03 4.8001e+03
8.4994e+10 3.7067e+03 4.8012e+03
8.5059e+10 3.7075e+03 4.8023e+03
8.5124e+10 3.7083e+03 4.8034e+03
8.5189e+10 3.7090e+03 4.8045e+03
8.5254e+10 3.7098e+03 4.8055e+03
8.5319e+10 3.7106e+03 4.8066e+03
8.5385e+10 3.7113e+03 4.8077e+03
8.5450e+10 3.7121e+03 4.8088e+03
8.5515e+10 3.7129e+03 4.8098e+03
8.5580e+10 3.7136e+03 4.8109e+03
8.5645e+10 3.7144e+03 4.8120e+03
8.5711e+10 3.7152e+03 4.8131e+03
8.5776e+10 3.7159e+03 4.8141e+03
8.5841e+10 3.7167e+03 4.8152e+03
8.5906e+10 3.7174e+03 4.8163e+03
8.5971e+10 3.7182e+03 4.8173e+03
8.6036e+10 3.7190e+03 4.8184e+03
8.6102e+10 3.7197e+03 4.8195e+03
8.6167e+10 3.7205e+03 4.8205e+03
8.6232e+10 3.7212e+03 4.8216e+03
8.6297e+10 3.7220e+03 4.8226e+03
8.6362e+10 3.7228e+03 4.8237e+03
8.6428e+10 3.7235e+03 4.8247e+03
8.6493e+10 3.7243e+03 4.8258e+03
8.6558e+10 3.7251e+03 4.8268e+03
8.6623e+10 3.7258e+03 4.8279e+03
8.6688e+10 3.7266e+03 4.8289e+03
8.6753e+10 3.7273e+03 4.8300e+03
8.6819e+10 3.7281e+03 4.8310e+03
8.6884e+10 3.7289e+03 4.8321e+03
8.6949e+10 3.7296e+03 4.8331e+03
8.7014e+10 3.7304e+03 4.8342e+03
8.7079e+10 3.7311e+03 4.8352e+03
8.7145e+10 3.7319e+03 4.8362e+03
8.7210e+10 3.7326e+03 4.8373e+03
8.7275e+10 3.7334e+03 4.8383e+03
8.7340e+10 3.7342e+03 4.8393e+03
8.7405e+10 3.7349e+03 4.8404e+03
8.7470e+10 3.7357e+03 4.8414e+03
8.7536e+10 3.7364e+03 4.8424e+03
8.7601e+10 3.7372e+03 4.8434e+03
8.7666e+10 3.7380e+03 4.8445e+03
8.7731e+10 3.7387e+03 4.8455e+03
8.7796e+10 3.7395e+03 4.8465e+03
8.7861e+10 3.7402e+03 4.8475e+03
8.7927e+10 3.7410e+03 4.8486e+03
8.7992e+10 3.7417e+03 4.8496e+03
8.8057e+10 3.7425e+03 4.8506e+03
8.8122e+10 3.7432e+03 4.8516e+03
8.8187e+10 3.7440e+03 4.8526e+03
8.8253e+10 3.7448e+03 4.8536e+03
8.8318e+10 3.7455e+03 4.8546e+03
8.8383e+10 3.7463e+03 4.8557e+03
8.8448e+10 3.7470e+03 4.8567e+03
8.8513e+10 3.7478e+03 4.8577e+03
8.8578e+10 3.7485e+03 4.8587e+03
8.8644e+10 3.7493e+03 4.8597e+03
8.8709e+10 3.7500e+03 4.8607e+03
8.8774e+10 3.7508e+03 4.8617e+03
8.8839e+10 3.7516e+03 4.8627e+03
8.8904e+10 3.7523e+03 4.8637e+03
8.8970e+10 3.7531e+03 4.8647e+03
8.9035e+10 3.7538e+03 4.8657e+03
8.9100e+10 3.7546e+03 4.8667e+03
8.9165e+10 3.7553e+03 4.8677e+03
8.9230e+10 3.7561e+03 4.8687e+03
8.9295e+10 3.7568e+03 4.8696e+03
8.9361e+10 3.7576e+03 4.8706e+03
8.9426e+10 3.7583e+03 4.8716e+03
8.9491e+10 3.7591e+03 4.8726e+03
8.9556e+10 3.7598e+03 4.8736e+03
8.9621e+10 3.7606e+03 4.8746e+03
8.9686e+10 3.7613e+03 4.8755e+03
8.9752e+10 3.7621e+03 4.8765e+03
8.9817e+10 3.7628e+03 4.8775e+03
8.9882e+10 3.7636e+03 4.8785e+03
8.9947e+10 3.7643e+03 4.8795e+03
9.0012e+10 3.7651e+03 4.8804e+03
9.0078e+10 3.7659e+03 4.8814e+03
9.0143e+10 3.7666e+03 4.8824e+03
9.0208e+10 3.7674e+03 4.8833e+03
9.0273e+10 3.7681e+03 4.8843e+03
9.0338e+10 3.7689e+03 4.8853e+03
9.0403e+10 3.7696e+03 4.8863e+03
9.0469e+10 3.7704e+03 4.8872e+03
9.0534e+10 3.7711e+03 4.8882e+03
9.0599e+10 3.7719e+03 4.8891e+03
9.0664e+10 3.7726e+03 4.8901e+03
9.0729e+10 3.7734e+03 4.8911e+03
9.0795e+10 3.7741e+03 4.8920e+03
9.0860e+10 3.7748e+03 4.8930e+03
9.0925e+10 3.7756e+03 4.8939e+03
9.0990e+10 3.7763e+03 4.8949e+03
9.1055e+10 3.7771e+03 4.8958e+03
9.1120e+10 3.7778e+03 4.8968e+03
9.1186e+10 3.7786e+03 4.8977e+03
9.1251e+10 3.7793e+03 4.8987e+03
9.1316e+10 3.7801e+03 4.8996e+03
9.1381e+10 3.7808e+03 4.9006e+03
9.1446e+10 3.7816e+03 4.9015e+03
9.1512e+10 3.7823e+03 4.9025e+03
9.1577e+10 3.7831e+03 4.9034e+03
9.1642e+10 3.7838e+03 4.9043e+03
9.1707e+10 3.7846e+03 4.9053e+03
9.1772e+10 3.7853e+03 4.9062e+03
9.1837e+10 3.7861e+03 4.9072e+03
9.1903e+10 3.7868e+03 4.9081e+03
9.1968e+10 3.7876e+03 4.9090e+03
9.2033e+10 3.7883e+03 4.9100e+03
9.2098e+10 3.7891e+03 4.9109e+03
9.2163e+10 3.7898e+03 4.9118e+03
9.2228e+10 3.7905e+03 4.9127e+03
9.2294e+10 3.7913e+03 4.9137e+03
9.2359e+10 3.7920e+03 4.9146e+03
9.2424e+10 3.7928e+03 4.9155e+03
9.2489e+10 3.7935e+03 4.9164e+03
9.2554e+10 3.7943e+03 4.9174e+03
9.2620e+10 3.7950e+03 4.9183e+03
9.2685e+10 3.7958e+03 4.9192e+03
9.2750e+10 3.7965e+03 4.9201e+03
9.2815e+10 3.7972e+03 4.9210e+03
9.2880e+10 3.7980e+03 4.9220e+03
9.2945e+10 3.7987e+03 4.9229e+03
9.3011e+10 3.7995e+03 4.9238e+03
9.3076e+10 3.8002e+03 4.9247e+03
9.3141e+10 3.8010e+03 4.9256e+03
9.3206e+10 3.8017e+03 4.9265e+03
9.3271e+10 3.8025e+03 4.9274e+03
9.3337e+10 3.8032e+03 4.9283e+03
9.3402e+10 3.8039e+03 4.9292e+03
9.3467e+10 3.8047e+03 4.9301e+03
9.3532e+10 3.8054e+03 4.9310e+03
9.3597e+10 3.8062e+03 4.9319e+03
9.3662e+10 3.8069e+03 4.9328e+03
9.3728e+10 3.8077e+03 4.9337e+03
9.3793e+10 3.8084e+03 4.9346e+03
9.3858e+10 3.8091e+03 4.9355e+03
9.3923e+10 3.8099e+03 4.9364e+03
9.3988e+10 3.8106e+03 4.9373e+03
9.4053e+10 3.8114e+03 4.9382e+03
9.4119e+10 3.8121e+03 4.9391e+03
9.4184e+10 3.8128e+03 4.9400e+03
9.4249e+10 3.8136e+03 4.9409e+03
9.4314e+10 3.8143e+03 4.9418e+03
9.4379e+10 3.8151e+03 4.9426e+03
9.4445e+10 3.8158e+03 4.9435e+03
9.4510e+10 3.8165e+03 4.9444e+03
9.4575e+10 3.8173e+03 4.9453e+03
9.4640e+10 3.8180e+03 4.9462e+03
9.4705e+10 3.8188e+03 4.9471e+03
9.4770e+10 3.8195e+03 4.9479e+03
9.4836e+10 3.8202e+03 4.9488e+03
9.4901e+10 3.8210e+03 4.9497e+03
9.4966e+10 3.8217e+03 4.9506e+03
9.5031e+10 3.8225e+03 4.9514e+03
9.5096e+10 3.8232e+03 4.9523e+03
9.5162e+10 3.8239e+03 4.9532e+03
9.5227e+10 3.8247e+03 4.9540e+03
9.5292e+10 3.8254e+03 4.9549e+03
9.5357e+10 3.8262e+03 4.9558e+03
9.5422e+10 3.8269e+03 4.9566e+03
9.5487e+10 3.8276e+03 4.9575e+03
9.5553e+10 3.8284e+03 4.9584e+03
9.5618e+10 3.8291e+03 4.9592e+03
9.5683e+10 3.8299e+03 4.9601e+03
9.5748e+10 3.8306e+03 4.9609e+03
9.5813e+10 3.8313e+03 4.9618e+03
9.5879e+10 3.8321e+03 4.9627e+03
9.5944e+10 3.8328e+03 4.9635e+03
9.6009e+10 3.8335e+03 4.9644e+03
9.6074e+10 3.8343e+03 4.9652e+03
9.6139e+10 3.8350e+03 4.9661e+03
9.6204e+10 3.8358e+03 4.9669e+03
9.6270e+10 3.8365e+03 4.9678e+03
9.6335e+10 3.8372e+03 4.9686e+03
9.6400e+10 3.8380e+03 4.9695e+03
9.6465e+10 3.8387e+03 4.9703e+03
9.6530e+10 3.8394e+03 4.9712e+03
9.6595e+10 3.8402e+03 4.9720e+03
9.6661e+10 3.8409e+03 4.9728e+03
9.6726e+10 3.8416e+03 4.9737e+03
9.6791e+10 3.8424e+03 4.9745e+03
9.6856e+10 3.8431e+03 4.9754e+03
9.6921e+10 3.8438e+03 4.9762e+03
9.6987e+10 3.8446e+03 4.9770e+03
9.7052e+10 3.8453e+03 4.9779e+03
9.7117e+10 3.8461e+03 4.9787e+03
9.7182e+10 3.8468e+03 4.9795e+03
9.7247e+10 3.8475e+03 4.9804e+03
9.7312e+10 3.8483e+03 4.9812e+03
9.7378e+10 3.8490e+03 4.9820e+03
9.7443e+10 3.8497e+03 4.9829e+03
9.7508e+10 3.8505e+03 4.9837e+03
9.7573e+10 3.8512e+03 4.9845e+03
9.7638e+10 3.8519e+03 4.9853e+03
9.7704e+10 3.8527e+03 4.9861e+03
9.7769e+10 3.8534e+03 4.9870e+03
9.7834e+10 3.8541e+03 4.9878e+03
9.7899e+10 3.8549e+03 4.9886e+03
9.7964e+10 3.8556e+03 4.9894e+03
9.8029e+10 3.8563e+03 4.9902e+03
9.8095e+10 3.8571e+03 4.9911e+03
9.8160e+10 3.8578e+03 4.9919e+03
9.8225e+10 3.8585e+03 4.9927e+03
9.8290e+10 3.8593e+03 4.9935e+03
9.8355e+10 3.8600e+03 4.9943e+03
9.8421e+10 3.8607e+03 4.9951e+03
9.8486e+10 3.8615e+03 4.9959e+03
9.8551e+10 3.8622e+03 4.9967e+03
9.8616e+10 3.8629e+03 4.9975e+03
9.8681e+10 3.8636e+03 4.9983e+03
9.8746e+10 3.8644e+03 4.9992e+03
9.8812e+10 3.8651e+03 5.0000e+03
9.8877e+10 3.8658e+03 5.0008e+03
9.8942e+10 3.8666e+03 5.0016e+03
9.9007e+10 3.8673e+03 5.0024e+03
9.9072e+10 3.8680e+03 5.0032e+03
9.9137e+10 3.8688e+03 5.0040e+03
9.9203e+10 3.8695e+03 5.0047e+03
9.9268e+10 3.8702e+03 5.0055e+03
9.9333e+10 3.8710e+03 5.0063e+03
9.9398e+10 3.8717e+03 5.0071e+03
9.9463e+10 3.8724e+03 5.0079e+03
9.9529e+10 3.8731e+03 5.0087e+03
9.9594e+10 3.8739e+03 5.0095e+03
9.9659e+10 3.8746e+03 5.0103e+03
9.9724e+10 3.8753e+03 5.0111e+03
9.9789e+10 3.8761e+03 5.0119e+03
9.9854e+10 3.8768e+03 5.0126e+03
9.9920e+10 3.8775e+03 5.0134e+03
9.9985e+10 3.8783e+03 5.0142e+03
1.0005e+11 3.8790e+03 5.0150e+03
1.0012e+11 3.8797e+03 5.0158e+03
1.0018e+11 3.8804e+03 5.0165e+03
1.0025e+11 3.8812e+03 5.0173e+03
1.0031e+11 3.8819e+03 5.0181e+03
1.0038e+11 3.8826e+03 5.0189e+03
1.0044e+11 3.8834e+03 5.0197e+03
1.0051e+11 3.8841e+03 5.0204e+03
1.0057e+11 3.8848e+03 5.0212e+03
1.0064e+11 3.8855e+03 5.0220e+03
1.0070e+11 3.8863e+03 5.0227e+03
1.0077e+11 3.8870e+03 5.0235e+03
1.0083e+11 3.8877e+03 5.0243e+03
1.0090e+11 3.8885e+03 5.0250e+03
1.0096e+11 3.8892e+03 5.0258e+03
1.0103e+11 3.8899e+03 5.0266e+03
1.0109e+11 3.8906e+03 5.0273e+03
1.0116e+11 3.8914e+03 5.0281e+03
1.0122e+11 3.8921e+03 5.0289e+03
1.0129e+11 3.8928e+03 5.0296e+03
1.0135e+11 3.8935e+03 5.0304e+03
1.0142e+11 3.8943e+03 5.0311e+03
1.0148e+11 3.8950e+03 5.0319e+03
1.0155e+11 3.8957e+03 5.0326e+03
1.0161e+11 3.8964e+03 5.0334e+03
1.0168e+11 3.8972e+03 5.0342e+03
1.0174e+11 3.8979e+03 5.0349e+03
1.0181e+11 3.8986e+03 5.0357e+03
1.0187e+11 3.8993e+03 5.0364e+03
1.0194e+11 3.9001e+03 5.0372e+03
1.0201e+11 3.9008e+03 5.0379e+03
1.0207e+11 3.9015e+03 5.0387e+03
1.0214e+11 3.9022e+03 5.0394e+03
1.0220e+11 3.9030e+03 5.0401e+03
1.0227e+11 3.9037e+03 5.0409e+03
1.0233e+11 3.9044e+03 5.0416e+03
1.0240e+11 3.9051e+03 5.0424e+03
1.0246e+11 3.9059e+03 5.0431e+03
1.0253e+11 3.9066e+03 5.0438e+03
1.0259e+11 3.9073e+03 5.0446e+03
1.0266e+11 3.9080e+03 5.0453e+03
1.0272e+11 3.9088e+03 5.0461e+03
1.0279e+11 3.9095e+03 5.0468e+03
1.0285e+11 3.9102e+03 5.0475e+03
1.0292e+11 3.9109e+03 5.0483e+03
1.0298e+11 3.9117e+03 5.0490e+03
1.0305e+11 3.9124e+03 5.0497e+03
1.0311e+11 3.9131e+03 5.0505e+03
1.0318e+11 3.9138e+03 5.0512e+03
1.0324e+11 3.9146e+03 5.0519e+03
1.0331e+11 3.9153e+03 5.0526e+03
1.0337e+11 3.9160e+03 5.0534e+03
1.0344e+11 3.9167e+03 5.0541e+03
1.0350e+11 3.9174e+03 5.0548e+03
1.0357e+11 3.9182e+03 5.0555e+03
1.0363e+11 3.9189e+03 5.0563e+03
1.0370e+11 3.9196e+03 5.0570e+03
1.0377e+11 3.9203e+03 5.0577e+03
1.0383e+11 3.9211e+03 5.0584e+03
1.0390e+11 3.9218e+03 5.0591e+03
1.0396e+11 3.9225e+03 5.0598e+03
1.0403e+11 3.9232e+03 5.0606e+03
1.0409e+11 3.9239e+03 5.0613e+03
1.0416e+11 3.9247e+03 5.0620e+03
1.0422e+11 3.9254e+03 5.0627e+03
1.0429e+11 3.9261e+03 5.0634e+03
1.0435e+11 3.9268e+03 5.0641e+03
1.0442e+11 3.9276e+03 5.0648e+03
1.0448e+11 3.9283e+03 5.0655e+03
1.0455e+11 3.9290e+03 5.0662e+03
1.0461e+11 3.9297e+03 5.0669e+03
1.0468e+11 3.9304e+03 5.0676e+03
1.0474e+11 3.9312e+03 5.0684e+03
1.0481e+11 3.9319e+03 5.0691e+03
1.0487e+11 3.9326e+03 5.0698e+03
1.0494e+11 3.9333e+03 5.0705e+03
1.0500e+11 3.9340e+03 5.0712e+03
1.0507e+11 3.9348e+03 5.0719e+03
1.0513e+11 3.9355e+03 5.0725e+03
1.0520e+11 3.9362e+03 5.0732e+03
1.0526e+11 3.9369e+03 5.0739e+03
1.0533e+11 3.9376e+03 5.0746e+03
1.0539e+11 3.9384e+03 5.0753e+03
1.0546e+11 3.9391e+03 5.0760e+03
1.0553e+11 3.9398e+03 5.0767e+03
1.0559e+11 3.9405e+03 5.0774e+03
1.0566e+11 3.9412e+03 5.0781e+03
1.0572e+11 3.9420e+03 5.0788e+03
1.0579e+11 3.9427e+03 5.0795e+03
1.0585e+11 3.9434e+03 5.0802e+03
1.0592e+11 3.9441e+03 5.0808e+03
1.0598e+11 3.9448e+03 5.0815e+03
1.0605e+11 3.9455e+03 5.0822e+03
1.0611e+11 3.9463e+03 5.0829e+03
1.0618e+11 3.9470e+03 5.0836e+03
1.0624e+11 3.9477e+03 5.0842e+03
1.0631e+11 3.9484e+03 5.0849e+03
1.0637e+11 3.9491e+03 5.0856e+03
1.0644e+11 3.9499e+03 5.0863e+03
1.0650e+11 3.9506e+03 5.0870e+03
1.0657e+11 3.9513e+03 5.0876e+03
1.0663e+11 3.9520e+03 5.0883e+03
1.0670e+11 3.9527e+03 5.0890e+03
1.0676e+11 3.9534e+03 5.0897e+03
1.0683e+11 3.9542e+03 5.0903e+03
1.0689e+11 3.9549e+03 5.0910e+03
1.0696e+11 3.9556e+03 5.0917e+03
1.0702e+11 3.9563e+03 5.0923e+03
1.0709e+11 3.9570e+03 5.0930e+03
1.0715e+11 3.9577e+03 5.0937e+03
1.0722e+11 3.9585e+03 5.0943e+03
1.0728e+11 3.9592e+03 5.0950e+03
1.0735e+11 3.9599e+03 5.0957e+03
1.0742e+11 3.9606e+03 5.0963e+03
1.0748e+11 3.9613e+03 5.0970e+03
1.0755e+11 3.9620e+03 5.0976e+03
1.0761e+11 3.9628e+03 5.0983e+03
1.0768e+11 3.9635e+03 5.0990e+03
1.0774e+11 3.9642e+03 5.0996e+03
1.0781e+11 3.9649e+03 5.1003e+03
1.0787e+11 3.9656e+03 5.1009e+03
1.0794e+11 3.9663e+03 5.1016e+03
1.0800e+11 3.9671e+03 5.1022e+03
1.0807e+11 3.9678e+03 5.1029e+03
1.0813e+11 3.9685e+03 5.1035e+03
1.0820e+11 3.9692e+03 5.1042e+03
1.0826e+11 3.9699e+03 5.1048e+03
1.0833e+11 3.9706e+03 5.1055e+03
1.0839e+11 3.9713e+03 5.1061e+03
1.0846e+11 3.9721e+03 5.1068e+03
1.0852e+11 3.9728e+03 5.1074e+03
1.0859e+11 3.9735e+03 5.1081e+03
1.0865e+11 3.9742e+03 5.1087e+03
1.0872e+11 3.9749e+03 5.1094e+03
1.0878e+11 3.9756e+03 5.1100e+03
1.0885e+11 3.9763e+03 5.1107e+03
1.0891e+11 3.9771e+03 5.1113e+03
1.0898e+11 3.9778e+03 5.1119e+03
1.0904e+11 3.9785e+03 5.1126e+03
1.0911e+11 3.9792e+03 5.1132e+03
1.0918e+11 3.9799e+03 5.1138e+03
1.0924e+11 3.9806e+03 5.1145e+03
1.0931e+11 3.9813e+03 5.1151e+03
1.0937e+11 3.9820e+03 5.1157e+03
1.0944e+11 3.9828e+03 5.1164e+03
1.0950e+11 3.9835e+03 5.1170e+03
1.0957e+11 3.9842e+03 5.1176e+03
1.0963e+11 3.9849e+03 5.1183e+03
1.0970e+11 3.9856e+03 5.1189e+03
1.0976e+11 3.9863e+03 5.1195e+03
1.0983e+11 3.9870e+03 5.1202e+03
1.0989e+11 3.9877e+03 5.1208e+03
1.0996e+11 3.9885e+03 5.1214e+03
1.1002e+11 3.9892e+03 5.1220e+03
1.1009e+11 3.9899e+03 5.1227e+03
1.1015e+11 3.9906e+03 5.1233e+03
1.1022e+11 3.9913e+03 5.1239e+03
1.1028e+11 3.9920e+03 5.1245e+03
1.1035e+11 3.9927e+03 5.1251e+03
1.1041e+11 3.9934e+03 5.1258e+03
1.1048e+11 3.9942e+03 5.1264e+03
1.1054e+11 3.9949e+03 5.1270e+03
1.1061e+11 3.9956e+03 5.1276e+03
1.1067e+11 3.9963e+03 5.1282e+03
1.1074e+11 3.9970e+03 5.1288e+03
1.1080e+11 3.9977e+03 5.1295e+03
1.1087e+11 3.9984e+03 5.1301e+03
1.1093e+11 3.9991e+03 5.1307e+03
1.1100e+11 3.9998e+03 5.1313e+03
1.1107e+11 4.0006e+03 5.1319e+03
1.1113e+11 4.0013e+03 5.1325e+03
1.1120e+11 4.0020e+03 5.1331e+03
1.1126e+11 4.0027e+03 5.1337e+03
1.1133e+11 4.0034e+03 5.1343e+03
1.1139e+11 4.0041e+03 5.1349e+03
1.1146e+11 4.0048e+03 5.1355e+03
1.1152e+11 4.0055e+03 5.1361e+03
1.1159e+11 4.0062e+03 5.1367e+03
1.1165e+11 4.0069e+03 5.1373e+03
1.1172e+11 4.0077e+03 5.1379e+03
1.1178e+11 4.0084e+03 5.1385e+03
1.1185e+11 4.0091e+03 5.1391e+03
1.1191e+11 4.0098e+03 5.1397e+03
1.1198e+11 4.0105e+03 5.1403e+03
1.1204e+11 4.0112e+03 5.1409e+03
1.1211e+11 4.0119e+03 5.1415e+03
1.1217e+11 4.0126e+03 5.1421e+03
1.1224e+11 4.0133e+03 5.1427e+03
1.1230e+11 4.0140e+03 5.1433e+03
1.1237e+11 4.0147e+03 5.1439e+03
1.1243e+11 4.0155e+03 5.1445e+03
1.1250e+11 4.0162e+03 5.1451e+03
1.1256e+11 4.0169e+03 5.1457e+03
1.1263e+11 4.0176e+03 5.1463e+03
1.1269e+11 4.0183e+03 5.1469e+03
1.1276e+11 4.0190e+03 5.1474e+03
1.1283e+11 4.0197e+03 5.1480e+03
1.1289e+11 4.0204e+03 5.1486e+03
1.1296e+11 4.0211e+03 5.1492e+03
1.1302e+11 4.0218e+03 5.1498e+03
1.1309e+11 4.0225e+03 5.1504e+03
1.1315e+11 4.0232e+03 5.1509e+03
1.1322e+11 4.0240e+03 5.1515e+03
1.1328e+11 4.0247e+03 5.1521e+03
1.1335e+11 4.0254e+03 5.1527e+03
1.1341e+11 4.0261e+03 5.1533e+03
1.1348e+11 4.0268e+03 5.1538e+03
1.1354e+11 4.0275e+03 5.1544e+03
1.1361e+11 4.0282e+03 5.1550e+03
1.1367e+11 4.0289e+03 5.1556e+03
1.1374e+11 4.0296e+03 5.1561e+03
1.1380e+11 4.0303e+03 5.1567e+03
1.1387e+11 4.0310e+03 5.1573e+03
1.1393e+11 4.0317e+03 5.1578e+03
1.1400e+11 4.0324e+03 5.1584e+03
1.1406e+11 4.0331e+03 5.1590e+03
1.1413e+11 4.0338e+03 5.1596e+03
1.1419e+11 4.0346e+03 5.1601e+03
1.1426e+11 4.0353e+03 5.1607e+03
1.1432e+11 4.0360e+03 5.1613e+03
1.1439e+11 4.0367e+03 5.1618e+03
1.1445e+11 4.0374e+03 5.1624e+03
1.1452e+11 4.0381e+03 5.1629e+03
1.1458e+11 4.0388e+03 5.1635e+03
1.1465e+11 4.0395e+03 5.1641e+03
1.1472e+11 4.0402e+03 5.1646e+03
1.1478e+11 4.0409e+03 5.1652e+03
1.1485e+11 4.0416e+03 5.1658e+03
1.1491e+11 4.0423e+03 5.1663e+03
1.1498e+11 4.0430e+03 5.1669e+03
1.1504e+11 4.0437e+03 5.1674e+03
1.1511e+11 4.0444e+03 5.1680e+03
1.1517e+11 4.0451e+03 5.1685e+03
1.1524e+11 4.0458e+03 5.1691e+03
1.1530e+11 4.0465e+03 5.1696e+03
1.1537e+11 4.0473e+03 5.1702e+03
1.1543e+11 4.0480e+03 5.1707e+03
1.1550e+11 4.0487e+03 5.1713e+03
1.1556e+11 4.0494e+03 5.1718e+03
1.1563e+11 4.0501e+03 5.1724e+03
1.1569e+11 4.0508e+03 5.1729e+03
1.1576e+11 4.0515e+03 5.1735e+03
1.1582e+11 4.0522e+03 5.1740e+03
1.1589e+11 4.0529e+03 5.1746e+03
1.1595e+11 4.0536e+03 5.1751e+03
1.1602e+11 4.0543e+03 5.1757e+03
1.1608e+11 4.0550e+03 5.1762e+03
1.1615e+11 4.0557e+03 5.1768e+03
1.1621e+11 4.0564e+03 5.1773e+03
1.1628e+11 4.0571e+03 5.1778e+03
1.1634e+11 4.0578e+03 5.1784e+03
1.1641e+11 4.0585e+03 5.1789e+03
1.1648e+11 4.0592e+03 5.1795e+03
1.1654e+11 4.0599e+03 5.1800e+03
1.1661e+11 4.0606e+03 5.1805e+03
1.1667e+11 4.0613e+03 5.1811e+03
1.1674e+11 4.0620e+03 5.1816e+03
1.1680e+11 4.0627e+03 5.1821e+03
1.1687e+11 4.0634e+03 5.1827e+03
1.1693e+11 4.0641e+03 5.1832e+03
1.1700e+11 4.0648e+03 5.1837e+03
1.1706e+11 4.0655e+03 5.1843e+03
1.1713e+11 4.0662e+03 5.1848e+03
1.1719e+11 4.0669e+03 5.1853e+03
1.1726e+11 4.0677e+03 5.1859e+03
1.1732e+11 4.0684e+03 5.1864e+03
1.1739e+11 4.0691e+03 5.1869e+03
1.1745e+11 4.0698e+03 5.1874e+03
1.1752e+11 4.0705e+03 5.1880e+03
1.1758e+11 4.0712e+03 5.1885e+03
1.1765e+11 4.0719e+03 5.1890e+03
1.1771e+11 4.0726e+03 5.1895e+03
1.1778e+11 4.0733e+03 5.1901e+03
1.1784e+11 4.0740e+03 5.1906e+03
1.1791e+11 4.0747e+03 5.1911e+03
1.1797e+11 4.0754e+03 5.1916e+03
1.1804e+11 4.0761e+03 5.1921e+03
1.1810e+11 4.0768e+03 5.1927e+03
1.1817e+11 4.0775e+03 5.1932e+03
1.1823e+11 4.0782e+03 5.1937e+03
1.1830e+11 4.0789e+03 5.1942e+03
1.1837e+11 4.0796e+03 5.1947e+03
1.1843e+11 4.0803e+03 5.1952e+03
1.1850e+11 4.0810e+03 5.1958e+03
1.1856e+11 4.0817e+03 5.1963e+03
1.1863e+11 4.0824e+03 5.1968e+03
1.1869e+11 4.0831e+03 5.1973e+03
1.1876e+11 4.0838e+03 5.1978e+03
1.1882e+11 4.0845e+03 5.1983e+03
1.1889e+11 4.0852e+03 5.1988e+03
1.1895e+11 4.0859e+03 5.1993e+03
1.1902e+11 4.0866e+03 5.1998e+03
1.1908e+11 4.0873e+03 5.2003e+03
1.1915e+11 4.0880e+03 5.2008e+03
1.1921e+11 4.0887e+03 5.2013e+03
1.1928e+11 4.0894e+03 5.2019e+03
1.1934e+11 4.0901e+03 5.2024e+03
1.1941e+11 4.0908e+03 5.2029e+03
1.1947e+11 4.0915e+03 5.2034e+03
1.1954e+11 4.0922e+03 5.2039e+03
1.1960e+11 4.0929e+03 5.2044e+03
1.1967e+11 4.0936e+03 5.2049e+03
1.1973e+11 4.0943e+03 5.2054e+03
1.1980e+11 4.0950e+03 5.2059e+03
1.1986e+11 4.0957e+03 5.2064e+03
1.1993e+11 4.0964e+03 5.2069e+03
1.1999e+11 4.0971e+03 5.2073e+03
1.2006e+11 4.0978e+03 5.2078e+03
1.2013e+11 4.0985e+03 5.2083e+03
1.2019e+11 4.0992e+03 5.2088e+03
1.2026e+11 4.0999e+03 5.2093e+03
1.2032e+11 4.1006e+03 5.2098e+03
1.2039e+11 4.1013e+03 5.2103e+03
1.2045e+11 4.1020e+03 5.2108e+03
1.2052e+11 4.1027e+03 5.2113e+03
1.2058e+11 4.1034e+03 5.2118e+03
1.2065e+11 4.1041e+03 5.2123e+03
1.2071e+11 4.1047e+03 5.2128e+03
1.2078e+11 4.1054e+03 5.2132e+03
1.2084e+11 4.1061e+03 5.2137e+03
1.2091e+11 4.1068e+03 5.2142e+03
1.2097e+11 4.1075e+03 5.2147e+03
1.2104e+11 4.1082e+03 5.2152e+03
1.2110e+11 4.1089e+03 5.2157e+03
1.2117e+11 4.1096e+03 5.2161e+03
1.2123e+11 4.1103e+03 5.2166e+03
1.2130e+11 4.1110e+03 5.2171e+03
1.2136e+11 4.1117e+03 5.2176e+03
1.2143e+11 4.1124e+03 5.2181e+03
1.2149e+11 4.1131e+03 5.2185e+03
1.2156e+11 4.1138e+03 5.2190e+03
1.2162e+11 4.1145e+03 5.2195e+03
1.2169e+11 4.1152e+03 5.2200e+03
1.2175e+11 4.1159e+03 5.2204e+03
1.2182e+11 4.1166e+03 5.2209e+03
1.2188e+11 4.1173e+03 5.2214e+03
1.2195e+11 4.1180e+03 5.2219e+03
1.2202e+11 4.1187e+03 5.2223e+03
1.2208e+11 4.1194e+03 5.2228e+03
1.2215e+11 4.1201e+03 5.2233e+03
1.2221e+11 4.1208e+03 5.2238e+03
1.2228e+11 4.1215e+03 5.2242e+03
1.2234e+11 4.1222e+03 5.2247e+03
1.2241e+11 4.1229e+03 5.2252e+03
1.2247e+11 4.1236e+03 5.2256e+03
1.2254e+11 4.1243e+03 5.2261e+03
1.2260e+11 4.1250e+03 5.2266e+03
1.2267e+11 4.1257e+03 5.2270e+03
1.2273e+11 4.1263e+03 5.2275e+03
1.2280e+11 4.1270e+03 5.2280e+03
1.2286e+11 4.1277e+03 5.2284e+03
1.2293e+11 4.1284e+03 5.2289e+03
1.2299e+11 4.1291e+03 5.2293e+03
1.2306e+11 4.1298e+03 5.2298e+03
1.2312e+11 4.1305e+03 5.2303e+03
1.2319e+11 4.1312e+03 5.2307e+03
1.2325e+11 4.1319e+03 5.2312e+03
1.2332e+11 4.1326e+03 5.2316e+03
1.2338e+11 4.1333e+03 5.2321e+03
1.2345e+11 4.1340e+03 5.2326e+03
1.2351e+11 4.1347e+03 5.2330e+03
1.2358e+11 4.1354e+03 5.2335e+03
1.2364e+11 4.1361e+03 5.2339e+03
1.2371e+11 4.1368e+03 5.2344e+03
1.2378e+11 4.1375e+03 5.2348e+03
1.2384e+11 4.1382e+03 5.2353e+03
1.2391e+11 4.1389e+03 5.2357e+03
1.2397e+11 4.1396e+03 5.2362e+03
1.2404e+11 4.1402e+03 5.2366e+03
1.2410e+11 4.1409e+03 5.2371e+03
1.2417e+11 4.1416e+03 5.2375e+03
1.2423e+11 4.1423e+03 5.2380e+03
1.2430e+11 4.1430e+03 5.2384e+03
1.2436e+11 4.1437e+03 5.2389e+03
1.2443e+11 4.1444e+03 5.2393e+03
1.2449e+11 4.1451e+03 5.2398e+03
1.2456e+11 4.1458e+03 5.2402e+03
1.2462e+11 4.1465e+03 5.2407e+03
1.2469e+11 4.1472e+03 5.2411e+03
1.2475e+11 4.1479e+03 5.2415e+03
1.2482e+11 4.1486e+03 5.2420e+03
1.2488e+11 4.1493e+03 5.2424e+03
1.2495e+11 4.1500e+03 5.2429e+03
1.2501e+11 4.1506e+03 5.2433e+03
1.2508e+11 4.1513e+03 5.2437e+03
1.2514e+11 4.1520e+03 5.2442e+03
1.2521e+11 4.1527e+03 5.2446e+03
1.2527e+11 4.1534e+03 5.2451e+03
1.2534e+11 4.1541e+03 5.2455e+03
1.2540e+11 4.1548e+03 5.2459e+03
1.2547e+11 4.1555e+03 5.2464e+03
1.2554e+11 4.1562e+03 5.2468e+03
1.2560e+11 4.1569e+03 5.2472e+03
1.2567e+11 4.1576e+03 5.2477e+03
1.2573e+11 4.1583e+03 5.2481e+03
1.2580e+11 4.1590e+03 5.2485e+03
1.2586e+11 4.1597e+03 5.2490e+03
1.2593e+11 4.1603e+03 5.2494e+03
1.2599e+11 4.1610e+03 5.2498e+03
1.2606e+11 4.1617e+03 5.2502e+03
1.2612e+11 4.1624e+03 5.2507e+03
1.2619e+11 4.1631e+03 5.2511e+03
1.2625e+11 4.1638e+03 5.2515e+03
1.2632e+11 4.1645e+03 5.2520e+03
1.2638e+11 4.1652e+03 5.2524e+03
1.2645e+11 4.1659e+03 5.2528e+03
1.2651e+11 4.1666e+03 5.2532e+03
1.2658e+11 4.1673e+03 5.2537e+03
1.2664e+11 4.1680e+03 5.2541e+03
1.2671e+11 4.1686e+03 5.2545e+03
1.2677e+11 4.1693e+03 5.2549e+03
1.2684e+11 4.1700e+03 5.2553e+03
1.2690e+11 4.1707e+03 5.2558e+03
1.2697e+11 4.1714e+03 5.2562e+03
1.2703e+11 4.1721e+03 5.2566e+03
1.2710e+11 4.1728e+03 5.2570e+03
1.2716e+11 4.1735e+03 5.2574e+03
1.2723e+11 4.1742e+03 5.2579e+03
1.2729e+11 4.1749e+03 5.2583e+03
1.2736e+11 4.1756e+03 5.2587e+03
1.2743e+11 4.1762e+03 5.2591e+03
1.2749e+11 4.1769e+03 5.2595e+03
1.2756e+11 4.1776e+03 5.2599e+03
1.2762e+11 4.1783e+03 5.2603e+03
1.2769e+11 4.1790e+03 5.2607e+03
1.2775e+11 4.1797e+03 5.2612e+03
1.2782e+11 4.1804e+03 5.2616e+03
1.2788e+11 4.1811e+03 5.2620e+03
1.2795e+11 4.1818e+03 5.2624e+03
1.2801e+11 4.1825e+03 5.2628e+03
1.2808e+11 4.1831e+03 5.2632e+03
1.2814e+11 4.1838e+03 5.2636e+03
1.2821e+11 4.1845e+03 5.2640e+03
1.2827e+11 4.1852e+03 5.2644e+03
1.2834e+11 4.1859e+03 5.2648e+03
1.2840e+11 4.1866e+03 5.2652e+03
1.2847e+11 4.1873e+03 5.2656e+03
1.2853e+11 4.1880e+03 5.2660e+03
1.2860e+11 4.1887e+03 5.2664e+03
1.2866e+11 4.1893e+03 5.2669e+03
1.2873e+11 4.1900e+03 5.2673e+03
1.2879e+11 4.1907e+03 5.2677e+03
1.2886e+11 4.1914e+03 5.2681e+03
1.2892e+11 4.1921e+03 5.2685e+03
1.2899e+11 4.1928e+03 5.2689e+03
1.2905e+11 4.1935e+03 5.2693e+03
1.2912e+11 4.1942e+03 5.2696e+03
1.2919e+11 4.1949e+03 5.2700e+03
1.2925e+11 4.1955e+03 5.2704e+03
1.2932e+11 4.1962e+03 5.2708e+03
1.2938e+11 4.1969e+03 5.2712e+03
1.2945e+11 4.1976e+03 5.2716e+03
1.2951e+11 4.1983e+03 5.2720e+03
1.2958e+11 4.1990e+03 5.2724e+03
1.2964e+11 4.1997e+03 5.2728e+03
1.2971e+11 4.2004e+03 5.2732e+03
1.2977e+11 4.2011e+03 5.2736e+03
1.2984e+11 4.2017e+03 5.2740e+03
1.2990e+11 4.2024e+03 5.2744e+03
1.2997e+11 4.2031e+03 5.2748e+03
1.3003e+11 4.2038e+03 5.2751e+03
1.3010e+11 4.2045e+03 5.2755e+03
1.3016e+11 4.2052e+03 5.2759e+03
1.3023e+11 4.2059e+03 5.2763e+03
1.3029e+11 4.2066e+03 5.2767e+03
1.3036e+11 4.2072e+03 5.2771e+03
