pressure[Pa]             solidus[K]               liquidus[K]
1.350000000000000000e+11 4.757059312499999578e+03 5.340912249999998494e+03
1.336363636363737335e+11 4.740564193634435469e+03 5.329824683833153358e+03
1.322727272727474670e+11 4.723459835517805914e+03 5.318178253688445693e+03
1.309090909091212158e+11 4.705775954101886782e+03 5.305999044874252832e+03
1.295454545454949493e+11 4.687541344192362885e+03 5.293312113670889630e+03
1.281818181818686829e+11 4.668783879448817970e+03 5.280141487330586642e+03
1.268181818182424316e+11 4.649530512384741996e+03 5.266510164077513764e+03
1.254545454546161652e+11 4.629807274367526588e+03 5.252440113107755678e+03
1.240909090909898987e+11 4.609639275618466854e+03 5.237952274589340050e+03
1.227272727273636322e+11 4.589050705212764115e+03 5.223066559662218424e+03
1.213636363637373657e+11 4.568064831079519536e+03 5.207801850438258953e+03
1.200000000001111145e+11 4.546704000001739587e+03 5.192176000001272769e+03
1.186363636364848480e+11 4.524989637616334221e+03 5.176205832406992158e+03
1.172727272728585815e+11 4.502942248414115966e+03 5.159907142683079655e+03
1.159090909092323303e+11 4.480581415739801741e+03 5.143294696829123495e+03
1.145454545456060638e+11 4.457925801792012862e+03 5.126382231816645799e+03
1.131818181819797974e+11 4.434993147623267760e+03 5.109182455589088022e+03
1.118181818183535309e+11 4.411800273140001082e+03 5.091707047061826415e+03
1.104545454547272644e+11 4.388363077102537318e+03 5.073966656122166569e+03
1.090909090911010132e+11 4.364696537125111718e+03 5.055970903629332497e+03
1.077272727274747467e+11 4.340814709675862105e+03 5.037728381414492105e+03
1.063636363638484802e+11 4.316730730076827967e+03 5.019246652280723538e+03
1.050000000002222290e+11 4.292456812503955007e+03 5.000532250003050649e+03
1.036363636365959625e+11 4.268004249987089679e+03 4.981590679328410260e+03
1.022727272729696960e+11 4.243383414409982834e+03 4.962426415975676719e+03
1.009090909093434296e+11 4.218603756510289713e+03 4.943042906635651889e+03
9.954545454571716309e+10 4.193673805879570864e+03 4.923442568971058790e+03
9.818181818209091187e+10 4.168601170963281220e+03 4.903626791616557966e+03
9.681818181846464539e+10 4.143392539060791933e+03 4.883595934178732023e+03
9.545454545483837891e+10 4.118053676325365814e+03 4.863349327236095633e+03
9.409090909121212769e+10 4.092589427764177799e+03 4.842885272339085532e+03
9.272727272758586121e+10 4.067003717238302670e+03 4.822201042010076890e+03
9.136363636395959473e+10 4.041299547462721421e+03 4.801292879743361482e+03
9.000000000033332825e+10 4.015479000006311253e+03 4.780156000005165879e+03
8.863636363670706177e+10 3.989543235291860128e+03 4.758784588233645991e+03
8.727272727308081055e+10 3.963492492596057673e+03 4.737171800838878880e+03
8.590909090945454407e+10 3.937326090049495178e+03 4.715309765202880044e+03
8.454545454582827759e+10 3.911042424636667874e+03 4.693189579679582494e+03
8.318181818220202637e+10 3.884638972195978113e+03 4.670801313594854037e+03
8.181818181857575989e+10 3.858112287419724453e+03 4.648134007246490000e+03
8.045454545494949341e+10 3.831458003854116669e+03 4.625175671904213232e+03
7.909090909132322693e+10 3.804670833899262107e+03 4.601913289809674097e+03
7.772727272769696045e+10 3.777744568809174325e+03 4.578332814176449574e+03
7.636363636407070923e+10 3.750672078691772185e+03 4.554419169190049615e+03
7.500000000044444275e+10 3.723445312508873940e+03 4.530156250007908056e+03
7.363636363681817627e+10 3.696055298076200870e+03 4.505526922759387162e+03
7.227272727319192505e+10 3.668492142063382744e+03 4.480513024545780354e+03
7.090909090956565857e+10 3.640745029993950084e+03 4.455095363440308574e+03
6.954545454593939209e+10 3.612802226245335987e+03 4.429253718488116647e+03
6.818181818231312561e+10 3.584651074048876126e+03 4.402966839706281462e+03
6.681818181868686676e+10 3.556277995489812383e+03 4.376212448083811068e+03
6.545454545506060791e+10 3.527668491507289673e+03 4.348967235581632849e+03
6.409090909143434143e+10 3.498807141894354572e+03 4.321206865132609892e+03
6.272727272780807495e+10 3.469677605297959417e+03 4.292905970641531894e+03
6.136363636418182373e+10 3.440262619218957752e+03 4.264038156985114256e+03
6.000000000055555725e+10 3.410544000012107972e+03 4.234576000012003533e+03
5.863636363692929077e+10 3.380502642886068770e+03 4.204491046542771073e+03
5.727272727330302429e+10 3.350118521903409601e+03 4.173753814369920292e+03
5.590909090967675781e+10 3.319370689980595671e+03 4.142333792257880305e+03
5.454545454605050659e+10 3.288237278888000219e+03 4.110199439943009565e+03
5.318181818242424011e+10 3.256695499249896784e+03 4.077318188133594504e+03
5.181818181879797363e+10 3.224721640544465572e+03 4.043656438509848613e+03
5.045454545517172241e+10 3.192291071103788454e+03 4.009179563723914725e+03
4.909090909154545593e+10 3.159378238113849420e+03 3.973851907399861375e+03
4.772727272791918945e+10 3.125956667614539583e+03 3.937636784133690981e+03
4.636363636429292297e+10 3.091998964499649446e+03 3.900496479493327570e+03
4.500000000066665649e+10 3.057476812516877089e+03 3.862392250018628602e+03
4.363636363704040527e+10 3.022360974267820438e+03 3.823284323221375871e+03
4.227272727341413879e+10 2.986621291207982267e+03 3.783131897585281422e+03
4.090909090978787231e+10 2.950226683646768379e+03 3.741893142565984363e+03
3.954545454616162109e+10 2.913145150747490334e+03 3.699525198591054505e+03
3.818181818253535461e+10 2.875343770527359084e+03 3.655984177059986905e+03
3.681818181890908813e+10 2.836788699857492247e+03 3.611225160344204141e+03
3.545454545528282166e+10 2.797445174462910472e+03 3.565202201787060858e+03
3.409090909165655518e+10 2.757277508922536526e+03 3.517868325703836490e+03
3.272727272803030396e+10 2.716249096669197115e+03 3.469175527381740721e+03
3.136363636440403748e+10 2.674322409989622429e+03 3.419074773079908482e+03
3.000000000077777100e+10 2.631459000024447960e+03 3.367516000029407223e+03
2.863636363715151978e+10 2.587619496768208592e+03 3.314448116433229188e+03
2.727272727352525330e+10 2.542763609069346785e+03 3.259819001466295958e+03
2.590909090989898682e+10 2.496850124630206210e+03 3.203575505275457544e+03
2.454545454627272034e+10 2.449836910007034021e+03 3.145663448979490568e+03
2.318181818264645386e+10 2.401680910609981311e+03 3.086027624669103261e+03
2.181818181902020264e+10 2.352338150703104020e+03 3.024611795406928650e+03
2.045454545539393616e+10 2.301763733404359755e+03 2.961358695227527278e+03
1.909090909176766968e+10 2.249911840685607331e+03 2.896210029137392212e+03
1.772727272814141846e+10 2.196735733372615869e+03 2.829106473114942219e+03
1.636363636451515198e+10 2.142187751145050242e+03 2.759987674110522676e+03
1.500000000088888550e+10 2.086219312536482903e+03 2.688792250046408299e+03
1.363636363726261902e+10 2.028780914934389784e+03 2.615457789816804507e+03
1.227272727363635254e+10 1.969822134580149850e+03 2.539920853287841055e+03
1.090909091001010132e+10 1.909291626569044411e+03 2.462116971297578857e+03
9.545454546383834839e+09 1.847137124850259170e+03 2.381980645656004981e+03
8.181818182757568359e+09 1.783305442226883315e+03 2.299445349145034015e+03
6.818181819131317139e+09 1.717742470355910427e+03 2.214443525518513525e+03
5.454545455505050659e+09 1.650393179748233933e+03 2.126906589502211773e+03
4.090909091878784180e+09 1.581201619768655064e+03 2.036764926793832046e+03
2.727272728252517700e+09 1.510110918635875578e+03 1.943947894063001741e+03
1.363636364626251221e+09 1.437063283422502764e+03 1.848383818951278727e+03
1.000000000000000000e+00 1.362000000055046485e+03 1.750000000072148168e+03
