pressure[Pa] solidus[K] liquidus[K]
0.000000000000000000e+00 1.380603810991651017e+03 1.980012932292291680e+03
1.000000000000000000e+09 1.497198157563196901e+03 2.056414094628722978e+03
2.000000000000000000e+09 1.635008519811019369e+03 2.130858114945941907e+03
3.000000000000000000e+09 1.758701322034861732e+03 2.186766025250662096e+03
4.000000000000000000e+09 1.864535035565017552e+03 2.230200338063701111e+03
5.000000000000000000e+09 1.951216814766440848e+03 2.266350834815249982e+03
6.000000000000000000e+09 2.020109731675961484e+03 2.300392600401731215e+03
7.000000000000000000e+09 2.074777228245194692e+03 2.332451017425007649e+03
8.000000000000000000e+09 2.118303435421465110e+03 2.362648226024402447e+03
9.000000000000000000e+09 2.153325071069661590e+03 2.391101234420291348e+03
1.000000000000000000e+10 2.182063836299907507e+03 2.417949814825976773e+03
1.100000000000000000e+10 2.207479621112091536e+03 2.443319675885570177e+03
1.200000000000000000e+10 2.231157475285802320e+03 2.467331910882862758e+03
1.300000000000000000e+10 2.253420576498673654e+03 2.490111628629834740e+03
1.400000000000000000e+10 2.274570500606517726e+03 2.511792437988353868e+03
1.500000000000000000e+10 2.294849094274812160e+03 2.532500276041097550e+03
1.600000000000000000e+10 2.314457587684772079e+03 2.552357003976151645e+03
1.700000000000000000e+10 2.333554778853327662e+03 2.571491853748772883e+03
1.800000000000000000e+10 2.352257848916565308e+03 2.590034094842014383e+03
1.900000000000000000e+10 2.370651534299421201e+03 2.608109810642069988e+03
2.000000000000000000e+10 2.388786914755924499e+03 2.625843450814659718e+03
2.100000000000000000e+10 2.406691082642400033e+03 2.643364462178240046e+03
2.200000000000000000e+10 2.424369062409238268e+03 2.660799647935753455e+03
2.300000000000000000e+10 2.441811781284449353e+03 2.678275185300751218e+03
2.400000000000000000e+10 2.459000933133366743e+03 2.695813783273858917e+03
2.500000000000000000e+10 2.475916113223605862e+03 2.713352501080119509e+03
2.600000000000000000e+10 2.492542129162602578e+03 2.730891336337078883e+03
2.700000000000000000e+10 2.508874491504824164e+03 2.748430288208756338e+03
2.800000000000000000e+10 2.524930250449320738e+03 2.765969355855667800e+03
2.900000000000000000e+10 2.540885582717719899e+03 2.783508536086018466e+03
3.000000000000000000e+10 2.556840906876260760e+03 2.801047836266155628e+03
3.100000000000000000e+10 2.572796224207333125e+03 2.818587255522083979e+03
3.200000000000000000e+10 2.588751540807048514e+03 2.836126795148900783e+03
3.300000000000000000e+10 2.604706865006293810e+03 2.853666459199659130e+03
3.400000000000000000e+10 2.620662187554496541e+03 2.871206248003551536e+03
3.500000000000000000e+10 2.636617508800334235e+03 2.888746165887131610e+03
3.600000000000000000e+10 2.652572833008458019e+03 2.906286214698671301e+03
3.700000000000000000e+10 2.668528158293107936e+03 2.923826397979687499e+03
3.800000000000000000e+10 2.684483483094426902e+03 2.941366719199494128e+03
3.900000000000000000e+10 2.700438808253530169e+03 2.958907179597048071e+03
4.000000000000000000e+10 2.716394134112687425e+03 2.976447781383349138e+03
4.100000000000000000e+10 2.732349459623030270e+03 2.993988526182370151e+03
4.200000000000000000e+10 2.748304785062945484e+03 3.011529422900801364e+03
4.300000000000000000e+10 2.764260111253138348e+03 3.029070469390551352e+03
4.400000000000000000e+10 2.780215437306707372e+03 3.046611671930061220e+03
4.500000000000000000e+10 2.796170763134507069e+03 3.064153030945657974e+03
4.600000000000000000e+10 2.812126089846230570e+03 3.081694550368594264e+03
4.700000000000000000e+10 2.828081417246514775e+03 3.099236232646265307e+03
4.800000000000000000e+10 2.844036744791240380e+03 3.116778079255427201e+03
4.900000000000000000e+10 2.859992071874070916e+03 3.134320094356623486e+03
5.000000000000000000e+10 2.875947397302238642e+03 3.151862279310872509e+03
5.100000000000000000e+10 2.891902720996576136e+03 3.169404637244844253e+03
5.200000000000000000e+10 2.907858043180207460e+03 3.186947169666932041e+03
5.300000000000000000e+10 2.923813364643211116e+03 3.204489879690117505e+03
5.400000000000000000e+10 2.939768687669065457e+03 3.222032769055586868e+03
5.500000000000000000e+10 2.955724012964727535e+03 3.239575839675511816e+03
5.600000000000000000e+10 2.971679336828836767e+03 3.257119091874364585e+03
5.700000000000000000e+10 2.987634659105142418e+03 3.274662526459153469e+03
5.800000000000000000e+10 3.003589980107271458e+03 3.292206148809393653e+03
5.900000000000000000e+10 3.019545302547569008e+03 3.309749960693568482e+03
6.000000000000000000e+10 3.035500627576657280e+03 3.327293959806479052e+03
6.100000000000000000e+10 3.051455951567203556e+03 3.344838149842893017e+03
6.200000000000000000e+10 3.067411274239618251e+03 3.362382531773719165e+03
6.300000000000000000e+10 3.083366595922701890e+03 3.379927105222942373e+03
6.400000000000000000e+10 3.099321919153662748e+03 3.397471874311657302e+03
6.500000000000000000e+10 3.115277244747728673e+03 3.415016842136902596e+03
6.600000000000000000e+10 3.131232569939267250e+03 3.432562007453645492e+03
6.700000000000000000e+10 3.147187894419801978e+03 3.450107372745163957e+03
6.800000000000000000e+10 3.163143218706109110e+03 3.467652940646090428e+03
6.900000000000000000e+10 3.179098544108432179e+03 3.485198710128970561e+03
7.000000000000000000e+10 3.195053871144084042e+03 3.502744683176922535e+03
7.100000000000000000e+10 3.211009197460840369e+03 3.520290861928155209e+03
7.200000000000000000e+10 3.226964522492142351e+03 3.537837245254265781e+03
7.300000000000000000e+10 3.242919846451366993e+03 3.555383834667644805e+03
7.400000000000000000e+10 3.258875170032387814e+03 3.572930631225254274e+03
7.500000000000000000e+10 3.274830493611306338e+03 3.590477633630860510e+03
7.600000000000000000e+10 3.290785815300627291e+03 3.608024843570339272e+03
7.700000000000000000e+10 3.306741134472225440e+03 3.625572261955493559e+03
7.800000000000000000e+10 3.322696451412201895e+03 3.643119887765651583e+03
7.900000000000000000e+10 3.338651766873459565e+03 3.660667722450934889e+03
8.000000000000000000e+10 3.354607081872206891e+03 3.678215768739024043e+03
8.100000000000000000e+10 3.370562395671989179e+03 3.695764028952769422e+03
8.200000000000000000e+10 3.386517708262075757e+03 3.713312499430106527e+03
8.300000000000000000e+10 3.402473019433878108e+03 3.730861180930761748e+03
8.400000000000000000e+10 3.418428331280139901e+03 3.748410076123009731e+03
8.500000000000000000e+10 3.434383645466307826e+03 3.765959186459188459e+03
8.600000000000000000e+10 3.450338961289405233e+03 3.783508508666402577e+03
8.700000000000000000e+10 3.466294279082556386e+03 3.801058043337653999e+03
8.800000000000000000e+10 3.482249599514637794e+03 3.818607791771081793e+03
8.900000000000000000e+10 3.498204923143261112e+03 3.836157755056527094e+03
9.000000000000000000e+10 3.514160251177226201e+03 3.853707931562159047e+03
9.100000000000000000e+10 3.530115584806769220e+03 3.871258322372919338e+03
9.200000000000000000e+10 3.546070923666919498e+03 3.888808928243395712e+03
9.300000000000000000e+10 3.562026263382545494e+03 3.906359750017816623e+03
9.400000000000000000e+10 3.577981602128398208e+03 3.923910786422447018e+03
9.500000000000000000e+10 3.593936939220505792e+03 3.941462037172470900e+03
9.600000000000000000e+10 3.609892274322037792e+03 3.959013503104843494e+03
9.700000000000000000e+10 3.625847607021785734e+03 3.976565185917427698e+03
9.800000000000000000e+10 3.641802937172747988e+03 3.994117085393755133e+03
9.900000000000000000e+10 3.657758263260624972e+03 4.011669201379300375e+03
1.000000000000000000e+11 3.673713584242852448e+03 4.029221534342805626e+03
1.010000000000000000e+11 3.689668901481049488e+03 4.046774085065996132e+03
1.020000000000000000e+11 3.705624216084323962e+03 4.064326852743903146e+03
1.030000000000000000e+11 3.721579529280257248e+03 4.081879837559931275e+03
1.040000000000000000e+11 3.737534842560583002e+03 4.099433040382077706e+03
1.050000000000000000e+11 3.753490157791467936e+03 4.116986461952000354e+03
1.060000000000000000e+11 3.769445475204914601e+03 4.134540100760152200e+03
1.070000000000000000e+11 3.785400795362819281e+03 4.152093956418152629e+03
1.080000000000000000e+11 3.801356119188154480e+03 4.169648028945079204e+03
1.090000000000000000e+11 3.817311446398033240e+03 4.187202318456247667e+03
1.100000000000000000e+11 3.833266776378791747e+03 4.204756825630719504e+03
1.110000000000000000e+11 3.849222108803781794e+03 4.222311548883272735e+03
1.120000000000000000e+11 3.865177443404661972e+03 4.239866485241821465e+03
1.130000000000000000e+11 3.881132778173896440e+03 4.257421633383839435e+03
1.140000000000000000e+11 3.897088111937336180e+03 4.274976991876040302e+03
1.150000000000000000e+11 3.913043443717264836e+03 4.292532560722293056e+03
1.160000000000000000e+11 3.928998772566184016e+03 4.310088342611682492e+03
1.170000000000000000e+11 3.944954097654026555e+03 4.327644336947459124e+03
1.180000000000000000e+11 3.960909419449505094e+03 4.345200544633028585e+03
1.190000000000000000e+11 3.976864739182440644e+03 4.362756966874508180e+03
1.200000000000000000e+11 3.992820056829777059e+03 4.380313605065985030e+03
1.210000000000000000e+11 4.008775373051083989e+03 4.397870460699226896e+03
1.220000000000000000e+11 4.024730688447552438e+03 4.415427532689764121e+03
1.230000000000000000e+11 4.040686003518026155e+03 4.432984820276956270e+03
1.240000000000000000e+11 4.056641318687524745e+03 4.450542323076842877e+03
1.250000000000000000e+11 4.072596635442204843e+03 4.468100040570517194e+03
1.260000000000000000e+11 4.088551954999191821e+03 4.485657972155016978e+03
1.270000000000000000e+11 4.104507277192665242e+03 4.503216117206095078e+03
1.280000000000000000e+11 4.120462601479113800e+03 4.520774473716023749e+03
1.290000000000000000e+11 4.136417927276473165e+03 4.538333041613124806e+03
1.300000000000000000e+11 4.152373253996142012e+03 4.555891821008702209e+03
1.310000000000000000e+11 4.168328581050556750e+03 4.573450812145125383e+03
1.320000000000000000e+11 4.184283907771141457e+03 4.591010015569097050e+03
1.330000000000000000e+11 4.200239233287665229e+03 4.608569430194939741e+03
1.340000000000000000e+11 4.216194556882785946e+03 4.626129054947643453e+03
1.350000000000000000e+11 4.232149877880732674e+03 4.643688889357748849e+03
1.360000000000000000e+11 4.248105196353464635e+03 4.661248933829553607e+03
1.370000000000000000e+11 4.264060513018356687e+03 4.678809189115622758e+03
1.380000000000000000e+11 4.280015828689664886e+03 4.696369654978706421e+03
1.390000000000000000e+11 4.295971144278144493e+03 4.713930330393388431e+03
1.400000000000000000e+11 4.311926461270168147e+03 4.731491214656082775e+03
1.410000000000000000e+11 4.327881781827478335e+03 4.749052307314515019e+03
1.420000000000000000e+11 4.343837104975592410e+03 4.766613608522095092e+03
1.430000000000000000e+11 4.359792430547296135e+03 4.784175118457605095e+03
1.440000000000000000e+11 4.375747759087168561e+03 4.801736835784491632e+03
1.450000000000000000e+11 4.391703090402712405e+03 4.819298759927390165e+03
1.460000000000000000e+11 4.407658423790179768e+03 4.836860890557362836e+03
1.470000000000000000e+11 4.423613758610834338e+03 4.854423227197732558e+03
1.480000000000000000e+11 4.439569094589523047e+03 4.871985769684511979e+03
1.490000000000000000e+11 4.455524431445939626e+03 4.889548518940316171e+03
1.500000000000000000e+11 4.471479769221287825e+03 4.907111475873708514e+03
1.510000000000000000e+11 4.487435106064120191e+03 4.924674638307326859e+03
1.520000000000000000e+11 4.503390440469592249e+03 4.942238005603034253e+03
1.530000000000000000e+11 4.519345771625330599e+03 4.959801577358413851e+03
1.540000000000000000e+11 4.535301099538225571e+03 4.977365352922214697e+03
1.550000000000000000e+11 4.551256424707781662e+03 4.994929332180561687e+03
1.560000000000000000e+11 4.567211747646826552e+03 5.012493515589563685e+03
1.570000000000000000e+11 4.583167069084119248e+03 5.030057903761357011e+03
1.580000000000000000e+11 4.599122389957795349e+03 5.047622495726684065e+03
1.590000000000000000e+11 4.615077711317653666e+03 5.065187290319649037e+03
1.600000000000000000e+11 4.631033032954815098e+03 5.082752286809647558e+03
1.610000000000000000e+11 4.646988354752147643e+03 5.100317484432836864e+03
1.620000000000000000e+11 4.662943677074510560e+03 5.117882882961773248e+03
1.630000000000000000e+11 4.678898999957899832e+03 5.135448482462689753e+03
1.640000000000000000e+11 4.694854323319857031e+03 5.153014283493418588e+03
1.650000000000000000e+11 4.710809647025794220e+03 5.170580285333705433e+03
1.660000000000000000e+11 4.726764970975376855e+03 5.188146486238163561e+03
1.670000000000000000e+11 4.742720295562648971e+03 5.205712885105235728e+03
1.680000000000000000e+11 4.758675621080159544e+03 5.223279481254426173e+03
1.690000000000000000e+11 4.774630946911011961e+03 5.240846275214683374e+03
1.700000000000000000e+11 4.790586272399877089e+03 5.258413267829258075e+03
1.710000000000000000e+11 4.806541597335207371e+03 5.275980459926444382e+03
1.720000000000000000e+11 4.822496921743267194e+03 5.293547851471276772e+03
1.730000000000000000e+11 4.838452245838141607e+03 5.311115441208483389e+03
1.740000000000000000e+11 4.854407570023251537e+03 5.328683228891719409e+03
1.750000000000000000e+11 4.870362894864342707e+03 5.346251214383029037e+03
1.760000000000000000e+11 4.886318220720831960e+03 5.363819397567391206e+03
1.770000000000000000e+11 4.902273547953437628e+03 5.381387778186860487e+03
1.780000000000000000e+11 4.918228876280797522e+03 5.398956355866954254e+03
1.790000000000000000e+11 4.934184205270680650e+03 5.416525129911328804e+03
1.800000000000000000e+11 4.950139534709924192e+03 5.434094098594293428e+03
1.810000000000000000e+11 4.966094863965040531e+03 5.451663261052387497e+03
1.820000000000000000e+11 4.982050192210359455e+03 5.469232617217065126e+03
1.830000000000000000e+11 4.998005519345578250e+03 5.486802167250761158e+03
1.840000000000000000e+11 5.013960845593052909e+03 5.504371911189888124e+03
1.850000000000000000e+11 5.029916170549144226e+03 5.521941848959222625e+03
1.860000000000000000e+11 5.045871493870699851e+03 5.539511980268865045e+03
1.870000000000000000e+11 5.061826814824054964e+03 5.557082304116199339e+03
1.880000000000000000e+11 5.077782132488588104e+03 5.574652819908068523e+03
1.890000000000000000e+11 5.093737446551696848e+03 5.592223527523628036e+03
1.900000000000000000e+11 5.109692757693231215e+03 5.609794426770428800e+03
1.910000000000000000e+11 5.125648066803802976e+03 5.627365517309529423e+03
1.920000000000000000e+11 5.141603375064699321e+03 5.644936798666819413e+03
1.930000000000000000e+11 5.157558683686692348e+03 5.662508270269350760e+03
1.940000000000000000e+11 5.173513994163461575e+03 5.680079930771973522e+03
1.950000000000000000e+11 5.189469307745079277e+03 5.697651779423274093e+03
1.960000000000000000e+11 5.205424625154369096e+03 5.715223816227793577e+03
1.970000000000000000e+11 5.221379946850901433e+03 5.732796041092318774e+03
1.980000000000000000e+11 5.237335273201618293e+03 5.750368453807703190e+03
1.990000000000000000e+11 5.253290603342185932e+03 5.767941054061078830e+03
2.000000000000000000e+11 5.269245936223464923e+03 5.785513841739437339e+03
2.010000000000000000e+11 5.285201270877999377e+03 5.803086816760308466e+03
2.020000000000000000e+11 5.301156606614369593e+03 5.820659979459455826e+03
2.030000000000000000e+11 5.317111942769050984e+03 5.838233329654709451e+03
2.040000000000000000e+11 5.333067278627737323e+03 5.855806865101854783e+03
2.050000000000000000e+11 5.349022613393106440e+03 5.873380584756429926e+03
2.060000000000000000e+11 5.364977946394528772e+03 5.890954487486835205e+03
2.070000000000000000e+11 5.380933277442415601e+03 5.908528572020508363e+03
2.080000000000000000e+11 5.396888606578307190e+03 5.926102837807477044e+03
2.090000000000000000e+11 5.412843933127971468e+03 5.943677286182500211e+03
2.100000000000000000e+11 5.428799257525329267e+03 5.961251918166206451e+03
2.110000000000000000e+11 5.444754580209189953e+03 5.978826734677800232e+03
2.120000000000000000e+11 5.460709901580164114e+03 5.996401736744048321e+03
2.130000000000000000e+11 5.476665222117611847e+03 6.013976924014639735e+03
2.140000000000000000e+11 5.492620542262499839e+03 6.031552296008077064e+03
2.150000000000000000e+11 5.508575862582793889e+03 6.049127852509776858e+03
2.160000000000000000e+11 5.524531183686453915e+03 6.066703592928204671e+03
2.170000000000000000e+11 5.540486505751236109e+03 6.084279516475593482e+03
2.180000000000000000e+11 5.556441828930564043e+03 6.101855622174530254e+03
2.190000000000000000e+11 5.572397153427305966e+03 6.119431908848660896e+03
2.200000000000000000e+11 5.588352479019673410e+03 6.137008375448413972e+03
2.210000000000000000e+11 5.604307804666018455e+03 6.154585021584952301e+03
2.220000000000000000e+11 5.620263130086452293e+03 6.172161847373285127e+03
2.230000000000000000e+11 5.636218454992352235e+03 6.189738852156725443e+03
2.240000000000000000e+11 5.652173779046815071e+03 6.207316035838236530e+03
2.250000000000000000e+11 5.668129102108843654e+03 6.224893398273257844e+03
2.260000000000000000e+11 5.684084424556625891e+03 6.242470939160999478e+03
2.270000000000000000e+11 5.700039746642077262e+03 6.260048657996026122e+03
2.280000000000000000e+11 5.715995068614972297e+03 6.277626554255226438e+03
2.290000000000000000e+11 5.731950390738327769e+03 6.295204628059075731e+03
2.300000000000000000e+11 5.747905713291645952e+03 6.312782879592971767e+03
2.310000000000000000e+11 5.763861036574954596e+03 6.330361308720956004e+03
2.320000000000000000e+11 5.779816360633079967e+03 6.347939914583144855e+03
2.330000000000000000e+11 5.795771684737720534e+03 6.365518695974407819e+03
2.340000000000000000e+11 5.811727008789486717e+03 6.383097651940740434e+03
2.350000000000000000e+11 5.827682332959325322e+03 6.400676781907714940e+03
2.360000000000000000e+11 5.843637657248940741e+03 6.418256086245045481e+03
2.370000000000000000e+11 5.859592981607609545e+03 6.435835565461758051e+03
2.380000000000000000e+11 5.875548305983610589e+03 6.453415220081091320e+03
2.390000000000000000e+11 5.891503630323693869e+03 6.470995050284170247e+03
2.400000000000000000e+11 5.907458954574462950e+03 6.488575056107752971e+03
2.410000000000000000e+11 5.923414278684144847e+03 6.506155237372826377e+03
2.420000000000000000e+11 5.939369602602713712e+03 6.523735592983915012e+03
2.430000000000000000e+11 5.955324926284086359e+03 6.541316122013170570e+03
2.440000000000000000e+11 5.971280249768386057e+03 6.558896823615583344e+03
2.450000000000000000e+11 5.987235572985394356e+03 6.576477696917488174e+03
2.460000000000000000e+11 6.003190896111054826e+03 6.594058740961850162e+03
2.470000000000000000e+11 6.019146219317461146e+03 6.611639954552707422e+03
2.480000000000000000e+11 6.035101542748981046e+03 6.629221336591679574e+03
2.490000000000000000e+11 6.051056866523877034e+03 6.646802887313913743e+03
2.500000000000000000e+11 6.067012190733452371e+03 6.664384607422465706e+03
2.510000000000000000e+11 6.082967515442516742e+03 6.681966497182108469e+03
2.520000000000000000e+11 6.098922840691498095e+03 6.699548556528235167e+03
2.530000000000000000e+11 6.114878166481877997e+03 6.717130785734659185e+03
2.540000000000000000e+11 6.130833492737842789e+03 6.734713184791650747e+03
2.550000000000000000e+11 6.146788819373950901e+03 6.752295753433017126e+03
2.560000000000000000e+11 6.162744146252693099e+03 6.769878491049877994e+03
2.570000000000000000e+11 6.178699472813145803e+03 6.787461396840602902e+03
2.580000000000000000e+11 6.194654799350237226e+03 6.805044469762350673e+03
2.590000000000000000e+11 6.210610125816706386e+03 6.822627708603024075e+03
2.600000000000000000e+11 6.226565452041601020e+03 6.840211112008087184e+03
2.610000000000000000e+11 6.242520777843682481e+03 6.857794678234918138e+03
2.620000000000000000e+11 6.258476103047060860e+03 6.875378407148715269e+03
2.630000000000000000e+11 6.274431427706412251e+03 6.892962300158125799e+03
2.640000000000000000e+11 6.290386752053610508e+03 6.910546358596870959e+03
2.650000000000000000e+11 6.306342076321688182e+03 6.928130583494460552e+03
2.660000000000000000e+11 6.322297400742901118e+03 6.945714975658686853e+03
2.670000000000000000e+11 6.338252725559164901e+03 6.963299535756999830e+03
2.680000000000000000e+11 6.354208050940457724e+03 6.980884264324377909e+03
2.690000000000000000e+11 6.370163376575498660e+03 6.998469161089173213e+03
2.700000000000000000e+11 6.386118702317474344e+03 7.016054225179733294e+03
2.710000000000000000e+11 6.402074028124812685e+03 7.033639455433431067e+03
2.720000000000000000e+11 6.418029354271297052e+03 7.051224850551568125e+03
2.730000000000000000e+11 6.433984680675788695e+03 7.068810408622625800e+03
2.740000000000000000e+11 6.449940006973365598e+03 7.086396126420014298e+03
2.750000000000000000e+11 6.465895332777661679e+03 7.103982001895916255e+03
2.760000000000000000e+11 6.481850657674374816e+03 7.121568035313629480e+03
2.770000000000000000e+11 6.497805981213607993e+03 7.139154228357023385e+03
2.780000000000000000e+11 6.513761302901406452e+03 7.156740582602747963e+03
2.790000000000000000e+11 6.529716622190481758e+03 7.174327099302168790e+03
2.800000000000000000e+11 6.545671938433762989e+03 7.191913779507764957e+03
2.810000000000000000e+11 6.561627250623299915e+03 7.209500624085287200e+03
2.820000000000000000e+11 6.577582558890538166e+03 7.227087633547474070e+03
2.830000000000000000e+11 6.593537864656926104e+03 7.244674807068640803e+03
2.840000000000000000e+11 6.609493169082968961e+03 7.262262143488603215e+03
2.850000000000000000e+11 6.625448473270378599e+03 7.279849641531111047e+03
2.860000000000000000e+11 6.641403778233985577e+03 7.297437299091662680e+03
2.870000000000000000e+11 6.657359084977190832e+03 7.315025113605572187e+03
2.880000000000000000e+11 6.673314394492212159e+03 7.332613082994257638e+03
2.890000000000000000e+11 6.689269707757094693e+03 7.350201205676662539e+03
2.900000000000000000e+11 6.705225025745979110e+03 7.367789482030811996e+03
2.910000000000000000e+11 6.721180349358320200e+03 7.385377912814477895e+03
2.920000000000000000e+11 6.737135678483499760e+03 7.402966498715170019e+03
2.930000000000000000e+11 6.753091012442740066e+03 7.420555240180191504e+03
2.940000000000000000e+11 6.769046350742794857e+03 7.438144137319864058e+03
2.950000000000000000e+11 6.785001692640899819e+03 7.455733190091527831e+03
2.960000000000000000e+11 6.800957037289447726e+03 7.473322398536515720e+03
2.970000000000000000e+11 6.816912383020819107e+03 7.490911763133505701e+03
2.980000000000000000e+11 6.832867728439945495e+03 7.508501284434587433e+03
2.990000000000000000e+11 6.848823072522669463e+03 7.526090962199747082e+03
3.000000000000000000e+11 6.864778414246178727e+03 7.543680796449665650e+03
3.010000000000000000e+11 6.880733752677040684e+03 7.561270787087587451e+03
3.020000000000000000e+11 6.896689087607552210e+03 7.578860933728461532e+03
3.030000000000000000e+11 6.912644419160308644e+03 7.596451235928112510e+03
3.040000000000000000e+11 6.928599747447860864e+03 7.614041693349353409e+03
3.050000000000000000e+11 6.944555072561861380e+03 7.631632305668207664e+03
3.060000000000000000e+11 6.960510394540973721e+03 7.649223072584146394e+03
3.070000000000000000e+11 6.976465713395818966e+03 7.666813993731300798e+03
3.080000000000000000e+11 6.992421029151051698e+03 7.684405068394929913e+03
3.090000000000000000e+11 7.008376341852399491e+03 7.701996295744198505e+03
3.100000000000000000e+11 7.024331651561811668e+03 7.719587675255869726e+03
3.110000000000000000e+11 7.040286958506009796e+03 7.737179206802026783e+03
3.120000000000000000e+11 7.056242263587510024e+03 7.754770889876691399e+03
3.130000000000000000e+11 7.072197567291097585e+03 7.772362724102080392e+03
3.140000000000000000e+11 7.088152869909326910e+03 7.789954708966203725e+03
3.150000000000000000e+11 7.104108172113977162e+03 7.807546843793757944e+03
3.160000000000000000e+11 7.120063474538296759e+03 7.825139127780095805e+03
3.170000000000000000e+11 7.136018777777915602e+03 7.842731560607936444e+03
3.180000000000000000e+11 7.151974082396213817e+03 7.860324142603840301e+03
3.190000000000000000e+11 7.167929389098311731e+03 7.877916874118865962e+03
3.200000000000000000e+11 7.183884698571900117e+03 7.895509755471111930e+03
3.210000000000000000e+11 7.199840011395679539e+03 7.913102786900876708e+03
3.220000000000000000e+11 7.215795327480979722e+03 7.930695968592395730e+03
3.230000000000000000e+11 7.231750646344296001e+03 7.948289300534967879e+03
3.240000000000000000e+11 7.247705967488363058e+03 7.965882782368365952e+03
3.250000000000000000e+11 7.263661290390853537e+03 7.983476413488211620e+03
3.260000000000000000e+11 7.279616614519984068e+03 8.001070193569858930e+03
3.270000000000000000e+11 7.295571939354927054e+03 8.018664122214999225e+03
3.280000000000000000e+11 7.311527264378072687e+03 8.036258198963440009e+03
3.290000000000000000e+11 7.327482588791410308e+03 8.053852423299419570e+03
3.300000000000000000e+11 7.343437911487689234e+03 8.071446794656520979e+03
3.310000000000000000e+11 7.359393231804378047e+03 8.089041312652979286e+03
3.320000000000000000e+11 7.375348550017244634e+03 8.106635977077819916e+03
3.330000000000000000e+11 7.391303866988463596e+03 8.124230787671694088e+03
3.340000000000000000e+11 7.407259183556178868e+03 8.141825744077127638e+03
3.350000000000000000e+11 7.423214500533395949e+03 8.159420845843152165e+03
3.360000000000000000e+11 7.439169818711312473e+03 8.177016092435676910e+03
3.370000000000000000e+11 7.455125138857392812e+03 8.194611482987682393e+03
3.380000000000000000e+11 7.471080461715763704e+03 8.212207017096428899e+03
3.390000000000000000e+11 7.487035788010099168e+03 8.229802695028609378e+03
3.400000000000000000e+11 7.502991118437949808e+03 8.247398516890800238e+03
3.410000000000000000e+11 7.518946453678433500e+03 8.264994482670219440e+03
3.420000000000000000e+11 7.534901794044543749e+03 8.282590592272690628e+03
3.430000000000000000e+11 7.550857138813084021e+03 8.300186845546561017e+03
3.440000000000000000e+11 7.566812487089360729e+03 8.317783242406507270e+03
3.450000000000000000e+11 7.582767837854015852e+03 8.335379782953355971e+03
3.460000000000000000e+11 7.598723189791288860e+03 8.352976467537502685e+03
3.470000000000000000e+11 7.614678541874435723e+03 8.370573296405500514e+03
3.480000000000000000e+11 7.630633893116499166e+03 8.388170269663080035e+03
3.490000000000000000e+11 7.646589242538537292e+03 8.405767387212963513e+03
3.500000000000000000e+11 7.662544588835198738e+03 8.423364648430730085e+03
3.510000000000000000e+11 7.678499930863360532e+03 8.440962052790086091e+03
3.520000000000000000e+11 7.694455267992650079e+03 8.458559599676656944e+03
3.530000000000000000e+11 7.710410600252654149e+03 8.476157288299122229e+03
3.540000000000000000e+11 7.726365928410559718e+03 8.493755117814580444e+03
3.550000000000000000e+11 7.742321253236002121e+03 8.511353087359675555e+03
3.560000000000000000e+11 7.758276575480160318e+03 8.528951196137464649e+03
3.570000000000000000e+11 7.774231895875642294e+03 8.546549443091616922e+03
3.580000000000000000e+11 7.790187215133993050e+03 8.564147827112943560e+03
3.590000000000000000e+11 7.806142533946368530e+03 8.581746347373980825e+03
3.600000000000000000e+11 7.822097852985055397e+03 8.599345004652388525e+03
3.610000000000000000e+11 7.838053172835996520e+03 8.616943800420944171e+03
3.620000000000000000e+11 7.854008493795441609e+03 8.634542736035527923e+03
3.630000000000000000e+11 7.869963816249364754e+03 8.652141812820309497e+03
3.640000000000000000e+11 7.885919140118101495e+03 8.669741032063249804e+03
3.650000000000000000e+11 7.901874465171914380e+03 8.687340394975019080e+03
3.660000000000000000e+11 7.917829791178055530e+03 8.704939902472247923e+03
3.670000000000000000e+11 7.933785117888011882e+03 8.722539553420567245e+03
3.680000000000000000e+11 7.949740445101052501e+03 8.740139345901452543e+03
3.690000000000000000e+11 7.965695772617509647e+03 8.757739277909315206e+03
3.700000000000000000e+11 7.981651100297987796e+03 8.775339347299515794e+03
3.710000000000000000e+11 7.997606427907522630e+03 8.792939551808636679e+03
3.720000000000000000e+11 8.013561755178730891e+03 8.810539889079596833e+03
3.730000000000000000e+11 8.029517081838563172e+03 8.828140356742693257e+03
3.740000000000000000e+11 8.045472407741037387e+03 8.845740953196282135e+03
3.750000000000000000e+11 8.061427733074493517e+03 8.863341679615328758e+03
3.760000000000000000e+11 8.077383058069504841e+03 8.880942537963306677e+03
3.770000000000000000e+11 8.093338382912062116e+03 8.898543530070814086e+03
3.780000000000000000e+11 8.109293707546207770e+03 8.916144657674396512e+03
3.790000000000000000e+11 8.125249032032435025e+03 8.933745922404254088e+03
3.800000000000000000e+11 8.141204356450210980e+03 8.951347325769953386e+03
3.810000000000000000e+11 8.157159680855702391e+03 8.968948869162410119e+03
3.820000000000000000e+11 8.173115005283037135e+03 8.986550553314194985e+03
3.830000000000000000e+11 8.189070329746823518e+03 9.004152377552565667e+03
3.840000000000000000e+11 8.205025654245155238e+03 9.021754340588637206e+03
3.850000000000000000e+11 8.220980978739522470e+03 9.039356441508896751e+03
3.860000000000000000e+11 8.236936303182677875e+03 9.056958679315450354e+03
3.870000000000000000e+11 8.252891627816012260e+03 9.074561052917508277e+03
3.880000000000000000e+11 8.268846952642696124e+03 9.092163561129342270e+03
3.890000000000000000e+11 8.284802277615757703e+03 9.109766202668526603e+03
3.900000000000000000e+11 8.300757602679645061e+03 9.127368976177986042e+03
3.910000000000000000e+11 8.316712927770311580e+03 9.144971880224429697e+03
3.920000000000000000e+11 8.332668252815290543e+03 9.162574913330676281e+03
3.930000000000000000e+11 8.348623577715534338e+03 9.180178073964505529e+03
3.940000000000000000e+11 8.364578902100240157e+03 9.197781360541770482e+03
3.950000000000000000e+11 8.380534225713488922e+03 9.215384771449242180e+03
3.960000000000000000e+11 8.396489548436107725e+03 9.232988305123250029e+03
3.970000000000000000e+11 8.412444870381235887e+03 9.250591959924029652e+03
3.980000000000000000e+11 8.428400191691374857e+03 9.256283192234219314e+03
3.990000000000000000e+11 8.444355512483605708e+03 9.261694969037622286e+03
4.000000000000000000e+11 8.460310832850462248e+03 9.267096625142847188e+03
4.010000000000000000e+11 8.476266152862935996e+03 9.272488207380360109e+03
4.020000000000000000e+11 8.492221472681592786e+03 9.277869762621945483e+03
4.030000000000000000e+11 8.508176792529638988e+03 9.283241337417613977e+03
4.040000000000000000e+11 8.524132112602988855e+03 9.288602977983631718e+03
4.050000000000000000e+11 8.540087433062375567e+03 9.293954730205708984e+03
4.060000000000000000e+11 8.556042754010084536e+03 9.299296639642141599e+03
4.070000000000000000e+11 8.571998075535502721e+03 9.304628751526968699e+03
4.080000000000000000e+11 8.587953397710778518e+03 9.309951110895832244e+03
4.090000000000000000e+11 8.603908720598064974e+03 9.315263762521286480e+03
4.100000000000000000e+11 8.619864044255249610e+03 9.320566750753832821e+03
4.110000000000000000e+11 8.635819368737114928e+03 9.325860119640510675e+03
4.120000000000000000e+11 8.651774694096544408e+03 9.331143912928533609e+03
4.130000000000000000e+11 8.667730020385792159e+03 9.336418174069005545e+03
4.140000000000000000e+11 8.683685347657712555e+03 9.341682946220527811e+03
4.150000000000000000e+11 8.699640675640250265e+03 9.346938272252900788e+03
4.160000000000000000e+11 8.715596003730483062e+03 9.352184194750776442e+03
4.170000000000000000e+11 8.731551331790233235e+03 9.357420755816019664e+03
4.180000000000000000e+11 8.747506659662105449e+03 9.362647997092473815e+03
4.190000000000000000e+11 8.763461987178347044e+03 9.367865960188650206e+03
4.200000000000000000e+11 8.779417314302492741e+03 9.373074686428699351e+03
4.210000000000000000e+11 8.795372641005194964e+03 9.378274216852134487e+03
4.220000000000000000e+11 8.811327967167530005e+03 9.383464592216474557e+03
4.230000000000000000e+11 8.827283292662206804e+03 9.388645852999834460e+03
4.240000000000000000e+11 8.843238617351960784e+03 9.393818039404353840e+03
4.250000000000000000e+11 8.859193941090496082e+03 9.398981191468697943e+03
4.260000000000000000e+11 8.875149263722018077e+03 9.404135348959744078e+03
4.270000000000000000e+11 8.891104585080638572e+03 9.409280551315610865e+03
4.280000000000000000e+11 8.907059904989166171e+03 9.414416837714034045e+03
4.290000000000000000e+11 8.923015223257552861e+03 9.419544247075253224e+03
4.300000000000000000e+11 8.938970539708318029e+03 9.424662818064998646e+03
4.310000000000000000e+11 8.954925854537064879e+03 9.429772589097427044e+03
4.320000000000000000e+11 8.970881168208883537e+03 9.434873598338072043e+03
4.330000000000000000e+11 8.986836481180940609e+03 9.439965883706858222e+03
4.340000000000000000e+11 9.002791793962023803e+03 9.445049482691301819e+03
4.350000000000000000e+11 9.018747107071552819e+03 9.450124432470525790e+03
4.360000000000000000e+11 9.034702420965080819e+03 9.455190770139512097e+03
4.370000000000000000e+11 9.050657735697648604e+03 9.460248532546826027e+03
4.380000000000000000e+11 9.066613051596299556e+03 9.465297756296755324e+03
4.390000000000000000e+11 9.082568369015112694e+03 9.470338477751498431e+03
4.400000000000000000e+11 9.098523688281982686e+03 9.475370733033327269e+03
4.410000000000000000e+11 9.114479009707640216e+03 9.480394558029967811e+03
4.420000000000000000e+11 9.130434333546494599e+03 9.485409988488368981e+03
4.430000000000000000e+11 9.146389659694657894e+03 9.490417059896419232e+03
4.440000000000000000e+11 9.162344987861644768e+03 9.495415807477747876e+03
4.450000000000000000e+11 9.178300317748102316e+03 9.500406266231344489e+03
4.460000000000000000e+11 9.194255649047929182e+03 9.505388470933985445e+03
4.470000000000000000e+11 9.210210981448735765e+03 9.510362456142616793e+03
4.480000000000000000e+11 9.226166314632393551e+03 9.515328256196771690e+03
4.490000000000000000e+11 9.242121648279280635e+03 9.520285905220984205e+03
4.500000000000000000e+11 9.258076982056563793e+03 9.525235437125897079e+03
4.510000000000000000e+11 9.274032315633759936e+03 9.530176885439219404e+03
4.520000000000000000e+11 9.289987648626316513e+03 9.535110283481251827e+03
4.530000000000000000e+11 9.305942980778138008e+03 9.540035664459232066e+03
4.540000000000000000e+11 9.321898311823497352e+03 9.544953061367763439e+03
4.550000000000000000e+11 9.337853641705660266e+03 9.549862506990637485e+03
4.560000000000000000e+11 9.353808970533806132e+03 9.554764033902645679e+03
4.570000000000000000e+11 9.369764298414844234e+03 9.559657674471372957e+03
4.580000000000000000e+11 9.385719625241232279e+03 9.564543460865179441e+03
4.590000000000000000e+11 9.401674950775846810e+03 9.569421425126329268e+03
4.600000000000000000e+11 9.417630275002164126e+03 9.574291599059886721e+03
4.610000000000000000e+11 9.433585597886649339e+03 9.579154014253568675e+03
4.620000000000000000e+11 9.449540919376267993e+03 9.584008702100327355e+03
4.630000000000000000e+11 9.465496239396721649e+03 9.588855693800396693e+03
4.640000000000000000e+11 9.481451557850718018e+03 9.593695020363211370e+03
4.650000000000000000e+11 9.497406874616048299e+03 9.598526712609409515e+03
4.660000000000000000e+11 9.513362189550289258e+03 9.603350801172835418e+03
4.670000000000000000e+11 9.529317502755400710e+03 9.608167316495751948e+03
4.680000000000000000e+11 9.545272814669026047e+03 9.612976288615032900e+03
4.690000000000000000e+11 9.561228125728495797e+03 9.617777747455651479e+03
4.700000000000000000e+11 9.577183436356284801e+03 9.622571722853806932e+03
4.710000000000000000e+11 9.593138746990669461e+03 9.627358244462453513e+03
4.720000000000000000e+11 9.609094058290213070e+03 9.632137341752963039e+03
4.730000000000000000e+11 9.625049370826229278e+03 9.636909044016816551e+03
4.740000000000000000e+11 9.641004685224126661e+03 9.641673380367312348e+03
4.750000000000000000e+11 9.656960002164683829e+03 9.646430379754814567e+03
4.760000000000000000e+11 9.672915322092372662e+03 9.651180071042650525e+03
4.770000000000000000e+11 9.688870645445827904e+03 9.655922482860687523e+03
4.780000000000000000e+11 9.704825972662585627e+03 9.660657643653117702e+03
4.790000000000000000e+11 9.720781304011899920e+03 9.665385581696737063e+03
4.800000000000000000e+11 9.736736638822076202e+03 9.670106325102766277e+03
4.810000000000000000e+11 9.752691976334248466e+03 9.674819901818649669e+03
4.820000000000000000e+11 9.768647315828382489e+03 9.679526339629905124e+03
4.830000000000000000e+11 9.784602656579070754e+03 9.684225666161913978e+03
4.840000000000000000e+11 9.800557997855137728e+03 9.688917908881756375e+03
4.850000000000000000e+11 9.816513338918934096e+03 9.693603095100092105e+03
4.860000000000000000e+11 9.832468679025023448e+03 9.698281251972954124e+03
4.870000000000000000e+11 9.848424017418292351e+03 9.702952406503627572e+03
4.880000000000000000e+11 9.864379353331396487e+03 9.707616585544517875e+03
4.890000000000000000e+11 9.880334685981346411e+03 9.712273815799031581e+03
4.900000000000000000e+11 9.896290014565083766e+03 9.716924123614613563e+03
4.910000000000000000e+11 9.912245338254919261e+03 9.721567534775342210e+03
4.920000000000000000e+11 9.928200656597306079e+03 9.726204075361965806e+03
4.930000000000000000e+11 9.944155970259889727e+03 9.730833771326733768e+03
4.940000000000000000e+11 9.960111280126940983e+03 9.735456648466768456e+03
4.950000000000000000e+11 9.976066587158349648e+03 9.740072732425331196e+03
4.960000000000000000e+11 9.992021892436445341e+03 9.744682048692902754e+03
4.970000000000000000e+11 1.000797719682557727e+04 9.749284622610282895e+03
4.980000000000000000e+11 1.002393250118217293e+04 9.753880479547840878e+03
4.990000000000000000e+11 1.003988780633589522e+04 9.758469644704129678e+03
5.000000000000000000e+11 1.005584311310021803e+04 9.763052143030825391e+03
5.010000000000000000e+11 1.007179842213876509e+04 9.767627999338061272e+03
5.020000000000000000e+11 1.008775373406759354e+04 9.772197238295764691e+03
5.030000000000000000e+11 1.010370904959692598e+04 9.776759884435128697e+03
5.040000000000000000e+11 1.011966436941734719e+04 9.781315962149921688e+03
5.050000000000000000e+11 1.013561969390780905e+04 9.785865495697993538e+03
5.060000000000000000e+11 1.015157502263737115e+04 9.790408509202634377e+03
5.070000000000000000e+11 1.016753035503747196e+04 9.794945026653993409e+03
5.080000000000000000e+11 1.018348569053734172e+04 9.799475071910497718e+03
5.090000000000000000e+11 1.019944102856396239e+04 9.803998668700281996e+03
5.100000000000000000e+11 1.021539636854152923e+04 9.808515840622623728e+03
5.110000000000000000e+11 1.023135170989055405e+04 9.813026611149369273e+03
5.120000000000000000e+11 1.024730705202611352e+04 9.817531003610460175e+03
5.130000000000000000e+11 1.026326239435378739e+04 9.822029040850553429e+03
5.140000000000000000e+11 1.027921773626883078e+04 9.826520745731291754e+03
5.150000000000000000e+11 1.029517307717075528e+04 9.831006141118179585e+03
5.160000000000000000e+11 1.031112841642178864e+04 9.835485249746445334e+03
5.170000000000000000e+11 1.032708375328486909e+04 9.839958094221978172e+03
5.180000000000000000e+11 1.034303908715809121e+04 9.844424697022335749e+03
5.190000000000000000e+11 1.035899441832464800e+04 9.848885080497642775e+03
5.200000000000000000e+11 1.037494974721723520e+04 9.853339266929000587e+03
5.210000000000000000e+11 1.039090507418446941e+04 9.857787278567464455e+03
5.220000000000000000e+11 1.040686039953537147e+04 9.862229137431035269e+03
5.230000000000000000e+11 1.042281572343450171e+04 9.866664865412547442e+03
5.240000000000000000e+11 1.043877104613899246e+04 9.871094484285933504e+03
5.250000000000000000e+11 1.045472636791031437e+04 9.875518015707340965e+03
5.260000000000000000e+11 1.047068168899500051e+04 9.879935481216236440e+03
5.270000000000000000e+11 1.048663700962445546e+04 9.884346902236549795e+03
5.280000000000000000e+11 1.050259233001471875e+04 9.888752300077761902e+03
5.290000000000000000e+11 1.051854765036666868e+04 9.893151695936114265e+03
5.300000000000000000e+11 1.053450297086616047e+04 9.897545110895640391e+03
5.310000000000000000e+11 1.055045829168346972e+04 9.901932565929359043e+03
5.320000000000000000e+11 1.056641361291241446e+04 9.906314081900411111e+03
5.330000000000000000e+11 1.058236893453894118e+04 9.910689679563176469e+03
5.340000000000000000e+11 1.059832425652881648e+04 9.915059379564456322e+03
5.350000000000000000e+11 1.061427957883197996e+04 9.919423202320651399e+03
5.360000000000000000e+11 1.063023490136563305e+04 9.923781167944454864e+03
5.370000000000000000e+11 1.064619022404203861e+04 9.928133296672851429e+03
5.380000000000000000e+11 1.066214554686619886e+04 9.932479608642202948e+03
5.390000000000000000e+11 1.067810086985934140e+04 9.936820123878917002e+03
5.400000000000000000e+11 1.069405619306263725e+04 9.941154862300167224e+03
5.410000000000000000e+11 1.071001151642986224e+04 9.945483843714693649e+03
5.420000000000000000e+11 1.072596683987069446e+04 9.949807087836697974e+03
5.430000000000000000e+11 1.074192216330043630e+04 9.954124614384722008e+03
5.440000000000000000e+11 1.075787748649124114e+04 9.958436442902295312e+03
5.450000000000000000e+11 1.077383280922595077e+04 9.962742592805332606e+03
5.460000000000000000e+11 1.078978813150351380e+04 9.967043083408068924e+03
5.470000000000000000e+11 1.080574345343959067e+04 9.971337933923892706e+03
5.480000000000000000e+11 1.082169877514216751e+04 9.975627163466329876e+03
5.490000000000000000e+11 1.083765409670658664e+04 9.979910791049831460e+03
5.500000000000000000e+11 1.085360941821547931e+04 9.984188835590754024e+03
5.510000000000000000e+11 1.086956473973906759e+04 9.988461315908201868e+03
5.520000000000000000e+11 1.088552006133544273e+04 9.992728250724956524e+03
5.530000000000000000e+11 1.090147538305099988e+04 9.996989658668331685e+03
5.540000000000000000e+11 1.091743070492126208e+04 1.000124555827112999e+04
5.550000000000000000e+11 1.093338602697156603e+04 1.000549596797250706e+04
5.560000000000000000e+11 1.094934134921831901e+04 1.000974090611888460e+04
5.570000000000000000e+11 1.096529667167038679e+04 1.001398039095230160e+04
5.580000000000000000e+11 1.098125199442545636e+04 1.001821444041647919e+04
5.590000000000000000e+11 1.099720731758682996e+04 1.002244307246021344e+04
5.600000000000000000e+11 1.101316264117375067e+04 1.002666630500527026e+04
5.610000000000000000e+11 1.102911796518685333e+04 1.003088415587954114e+04
5.620000000000000000e+11 1.104507328961639723e+04 1.003509664281768164e+04
5.630000000000000000e+11 1.106102861445270355e+04 1.003930378346171710e+04
5.640000000000000000e+11 1.107698393967834090e+04 1.004350559536191577e+04
5.650000000000000000e+11 1.109293926526909127e+04 1.004770209604148840e+04
5.660000000000000000e+11 1.110889459119666753e+04 1.005189330293478088e+04
5.670000000000000000e+11 1.112484991742842249e+04 1.005607923334297084e+04
5.680000000000000000e+11 1.114080524392742336e+04 1.006025990447985350e+04
5.690000000000000000e+11 1.115676057065259738e+04 1.006443533347254743e+04
5.700000000000000000e+11 1.117271589755900641e+04 1.006860553736224210e+04
5.710000000000000000e+11 1.118867122459767234e+04 1.007277053310490737e+04
5.720000000000000000e+11 1.120462655161660587e+04 1.007693033757199555e+04
5.730000000000000000e+11 1.122058187810965137e+04 1.008108496755121087e+04
5.740000000000000000e+11 1.123653720392177820e+04 1.008523443974716611e+04
5.750000000000000000e+11 1.125249252910484938e+04 1.008937877078217753e+04
5.760000000000000000e+11 1.126844785374894855e+04 1.009351797719692331e+04
5.770000000000000000e+11 1.128440317793187751e+04 1.009765207545122939e+04
5.780000000000000000e+11 1.130035850171887796e+04 1.010178108192474247e+04
5.790000000000000000e+11 1.131631382516289341e+04 1.010590501291771579e+04
5.800000000000000000e+11 1.133226914830470014e+04 1.011002388457706184e+04
5.810000000000000000e+11 1.134822447120204015e+04 1.011413771287801137e+04
5.820000000000000000e+11 1.136417979397062300e+04 1.011824651383838500e+04
5.830000000000000000e+11 1.138013511669752916e+04 1.012235030339884906e+04
5.840000000000000000e+11 1.139609043941847449e+04 1.012644909741994161e+04
5.850000000000000000e+11 1.141204576215766429e+04 1.013054291168260352e+04
5.860000000000000000e+11 1.142800108493049265e+04 1.013463176188866601e+04
5.870000000000000000e+11 1.144395640774407002e+04 1.013871566368279855e+04
5.880000000000000000e+11 1.145991173059683570e+04 1.014279463267815663e+04
5.890000000000000000e+11 1.147586705349713702e+04 1.014686868436278746e+04
5.900000000000000000e+11 1.149182237649043236e+04 1.015093783414592690e+04
5.910000000000000000e+11 1.150777769962165621e+04 1.015500209736188481e+04
5.920000000000000000e+11 1.152373302292889275e+04 1.015906148927072354e+04
5.930000000000000000e+11 1.153968834644323942e+04 1.016311602505879091e+04
5.940000000000000000e+11 1.155564367018915618e+04 1.016716571983932954e+04
5.950000000000000000e+11 1.157159899418431633e+04 1.017121058865305895e+04
5.960000000000000000e+11 1.158755431843978295e+04 1.017525064646874853e+04
5.970000000000000000e+11 1.160350964295992162e+04 1.017928590818385055e+04
5.980000000000000000e+11 1.161946496774193292e+04 1.018331638862504406e+04
5.990000000000000000e+11 1.163542029277538677e+04 1.018734210254885875e+04
6.000000000000000000e+11 1.165137561804193319e+04 1.019136306464223526e+04
6.010000000000000000e+11 1.166733094328863808e+04 1.019537928952315269e+04
6.020000000000000000e+11 1.168328626828822598e+04 1.019939079173161736e+04
6.030000000000000000e+11 1.169924159295610298e+04 1.020339758562017960e+04
6.040000000000000000e+11 1.171519691734977096e+04 1.020739968553673316e+04
6.050000000000000000e+11 1.173115224155389114e+04 1.021139710579329767e+04
6.060000000000000000e+11 1.174710756563735049e+04 1.021538986063264201e+04
6.070000000000000000e+11 1.176306288965923341e+04 1.021937796422870269e+04
6.080000000000000000e+11 1.177901821366848344e+04 1.022336143068703677e+04
6.090000000000000000e+11 1.179497353770389600e+04 1.022734027404933477e+04
6.100000000000000000e+11 1.181092886179404377e+04 1.023131450833609961e+04
6.110000000000000000e+11 1.182688418595714938e+04 1.023528414747540592e+04
6.120000000000000000e+11 1.184283951020109635e+04 1.023924920531739372e+04
6.130000000000000000e+11 1.185879483452351997e+04 1.024320969564715233e+04
6.140000000000000000e+11 1.187475015891185285e+04 1.024716563218529336e+04
6.150000000000000000e+11 1.189070548334367049e+04 1.025111702858837998e+04
6.160000000000000000e+11 1.190666080778696778e+04 1.025506389844939258e+04
6.170000000000000000e+11 1.192261613220052277e+04 1.025900625529824902e+04
6.180000000000000000e+11 1.193857145653463340e+04 1.026294411260227935e+04
6.190000000000000000e+11 1.195452678073425523e+04 1.026687748376671698e+04
6.200000000000000000e+11 1.197048210479559384e+04 1.027080638213513885e+04
6.210000000000000000e+11 1.198643742876581564e+04 1.027473082099002386e+04
6.220000000000000000e+11 1.200239275268816164e+04 1.027865081355316943e+04
6.230000000000000000e+11 1.201834807659907165e+04 1.028256637298620990e+04
6.240000000000000000e+11 1.203430340052735301e+04 1.028647751239110585e+04
6.250000000000000000e+11 1.205025872449315648e+04 1.029038424473614214e+04
6.260000000000000000e+11 1.206621404850727049e+04 1.029428658286507380e+04
6.270000000000000000e+11 1.208216937256652091e+04 1.029818453967198730e+04
6.280000000000000000e+11 1.209812469661856449e+04 1.030207812799292697e+04
6.290000000000000000e+11 1.211408002056734949e+04 1.030596736060450166e+04
6.300000000000000000e+11 1.213003534413298257e+04 1.030985225022430677e+04
6.310000000000000000e+11 1.214599066720721567e+04 1.031373280951131346e+04
6.320000000000000000e+11 1.216194598984155346e+04 1.031760905110542262e+04
6.330000000000000000e+11 1.217790131221763113e+04 1.032148098759527238e+04
6.340000000000000000e+11 1.219385663427373402e+04 1.032534863147797114e+04
6.350000000000000000e+11 1.220981195594859855e+04 1.032921199519447327e+04
6.360000000000000000e+11 1.222576727728128935e+04 1.033307109112996477e+04
6.370000000000000000e+11 1.224172259838756327e+04 1.033692593161432160e+04
6.380000000000000000e+11 1.225767791937565016e+04 1.034077652892253354e+04
6.390000000000000000e+11 1.227363324034338257e+04 1.034462289527516987e+04
6.400000000000000000e+11 1.228958856137807379e+04 1.034846504283878676e+04
6.410000000000000000e+11 1.230554388255627237e+04 1.035230298372639845e+04
6.420000000000000000e+11 1.232149920394360197e+04 1.035613672999790469e+04
6.430000000000000000e+11 1.233745452559474506e+04 1.035996629366052366e+04
6.440000000000000000e+11 1.235340984755338104e+04 1.036379168666925216e+04
6.450000000000000000e+11 1.236936516985241178e+04 1.036761292092732583e+04
6.460000000000000000e+11 1.238532049251412536e+04 1.037143000828661388e+04
6.470000000000000000e+11 1.240127581555052893e+04 1.037524296054811748e+04
6.480000000000000000e+11 1.241723113896395262e+04 1.037905178946241358e+04
6.490000000000000000e+11 1.243318646274767161e+04 1.038285650673008058e+04
6.500000000000000000e+11 1.244914178688675747e+04 1.038665712400216034e+04
6.510000000000000000e+11 1.246509711135928410e+04 1.039045365288065477e+04
6.520000000000000000e+11 1.248105243614755091e+04 1.039424610491889143e+04
6.530000000000000000e+11 1.249700776124935692e+04 1.039803449162208562e+04
6.540000000000000000e+11 1.251296308665917422e+04 1.040181882444772600e+04
6.550000000000000000e+11 1.252891841236698565e+04 1.040559911458423994e+04
6.560000000000000000e+11 1.254487373836044753e+04 1.040937537309722939e+04
6.570000000000000000e+11 1.256082906472219292e+04 1.041314761123218341e+04
6.580000000000000000e+11 1.257678439146854907e+04 1.041691584018404501e+04
6.590000000000000000e+11 1.259273971850031012e+04 1.042068007109714927e+04
6.600000000000000000e+11 1.260869504577226144e+04 1.042444031506557076e+04
6.610000000000000000e+11 1.262465037322765966e+04 1.042819658314799017e+04
6.620000000000000000e+11 1.264060570078531055e+04 1.043194888647668267e+04
6.630000000000000000e+11 1.265656102836351056e+04 1.043569723605145373e+04
6.640000000000000000e+11 1.267251635588196950e+04 1.043944164279547476e+04
6.650000000000000000e+11 1.268847168325432540e+04 1.044318211758490907e+04
6.660000000000000000e+11 1.270442701038745508e+04 1.044691867124919736e+04
6.670000000000000000e+11 1.272038233718160518e+04 1.045065131457138341e+04
6.680000000000000000e+11 1.273633766353269129e+04 1.045438005828850146e+04
6.690000000000000000e+11 1.275229298941537672e+04 1.045810491309186909e+04
6.700000000000000000e+11 1.276824831490297584e+04 1.046182588962746922e+04
6.710000000000000000e+11 1.278420364006734781e+04 1.046554299849624840e+04
6.720000000000000000e+11 1.280015896497187350e+04 1.046925625025448971e+04
6.730000000000000000e+11 1.281611428967158281e+04 1.047296565541416021e+04
6.740000000000000000e+11 1.283206961421292181e+04 1.047667122444319466e+04
6.750000000000000000e+11 1.284802493863376367e+04 1.048037296776593757e+04
6.760000000000000000e+11 1.286398026296326316e+04 1.048407089576338876e+04
6.770000000000000000e+11 1.287993558722182570e+04 1.048776501877361443e+04
6.780000000000000000e+11 1.289589091142106736e+04 1.049145534709205822e+04
6.790000000000000000e+11 1.291184623556369115e+04 1.049514189097191047e+04
6.800000000000000000e+11 1.292780155964340702e+04 1.049882466062443200e+04
6.810000000000000000e+11 1.294375688364497364e+04 1.050250366621933790e+04
6.820000000000000000e+11 1.295971220754454953e+04 1.050617891788510678e+04
6.830000000000000000e+11 1.297566753131003497e+04 1.050985042570936639e+04
6.840000000000000000e+11 1.299162285489606438e+04 1.051351819973851889e+04
6.850000000000000000e+11 1.300757817825225357e+04 1.051718224979967090e+04
6.860000000000000000e+11 1.302353350145784134e+04 1.052084258568890436e+04
6.870000000000000000e+11 1.303948882456757747e+04 1.052449921728596019e+04
6.880000000000000000e+11 1.305544414762912129e+04 1.052815215442814042e+04
6.890000000000000000e+11 1.307139947069268055e+04 1.053180140691055749e+04
6.900000000000000000e+11 1.308735479380062679e+04 1.053544698448632698e+04
6.910000000000000000e+11 1.310331011698735892e+04 1.053908889690570686e+04
6.920000000000000000e+11 1.311926544027819546e+04 1.054272715392471764e+04
6.930000000000000000e+11 1.313522076369174283e+04 1.054636176519140463e+04
6.940000000000000000e+11 1.315117608723924786e+04 1.054999274031198183e+04
6.950000000000000000e+11 1.316713141092429032e+04 1.055362008885309479e+04
6.960000000000000000e+11 1.318308673474296120e+04 1.055724382034203882e+04
6.970000000000000000e+11 1.319904205868372810e+04 1.056086394426710467e+04
6.980000000000000000e+11 1.321499738272740797e+04 1.056448047007777495e+04
6.990000000000000000e+11 1.323095270684720163e+04 1.056809340718506428e+04
7.000000000000000000e+11 1.324690803100864105e+04 1.057170276496173392e+04
7.010000000000000000e+11 1.326286335516955842e+04 1.057530855274260102e+04
7.020000000000000000e+11 1.327881867928006432e+04 1.057891077982479874e+04
7.030000000000000000e+11 1.329477400328299336e+04 1.058250945546804724e+04
7.040000000000000000e+11 1.331072932715479328e+04 1.058610458889492656e+04
7.050000000000000000e+11 1.332668465093632221e+04 1.058969618929115313e+04
7.060000000000000000e+11 1.334263997466776891e+04 1.059328426580588712e+04
7.070000000000000000e+11 1.335859529838184608e+04 1.059686882755190527e+04
7.080000000000000000e+11 1.337455062210359756e+04 1.060044988360602474e+04
7.090000000000000000e+11 1.339050594585007093e+04 1.060402744300925406e+04
7.100000000000000000e+11 1.340646126963103598e+04 1.060760151476714236e+04
7.110000000000000000e+11 1.342241659345323933e+04 1.061117210785002499e+04
7.120000000000000000e+11 1.343837191734025873e+04 1.061473923119329265e+04
7.130000000000000000e+11 1.345432724138653248e+04 1.061830289369773345e+04
7.140000000000000000e+11 1.347028256566729578e+04 1.062186310422624047e+04
7.150000000000000000e+11 1.348623789010283508e+04 1.062541987144830819e+04
7.160000000000000000e+11 1.350219321461879008e+04 1.062897320404745733e+04
7.170000000000000000e+11 1.351814853918772315e+04 1.063252311075061152e+04
7.180000000000000000e+11 1.353410386377350915e+04 1.063606960024878572e+04
7.190000000000000000e+11 1.355005918833294163e+04 1.063961268119727902e+04
7.200000000000000000e+11 1.356601451281587651e+04 1.064315236221802297e+04
7.210000000000000000e+11 1.358196983716526665e+04 1.064668865195992475e+04
7.220000000000000000e+11 1.359792516133300524e+04 1.065022155901259430e+04
7.230000000000000000e+11 1.361388048535008056e+04 1.065375109190473086e+04
7.240000000000000000e+11 1.362983580926953073e+04 1.065727725913121685e+04
7.250000000000000000e+11 1.364579113313785456e+04 1.066080006915334525e+04
7.260000000000000000e+11 1.366174645699498979e+04 1.066431953039902510e+04
7.270000000000000000e+11 1.367770178087438762e+04 1.066783565126300891e+04
7.280000000000000000e+11 1.369365710480296002e+04 1.067134844010711095e+04
7.290000000000000000e+11 1.370961242880106147e+04 1.067485790526040000e+04
7.300000000000000000e+11 1.372556775288243443e+04 1.067836405501942681e+04
7.310000000000000000e+11 1.374152307705425665e+04 1.068186689764846233e+04
7.320000000000000000e+11 1.375747840131693192e+04 1.068536644137969051e+04
7.330000000000000000e+11 1.377343372566418111e+04 1.068886269441340119e+04
7.340000000000000000e+11 1.378938905008266374e+04 1.069235566491828286e+04
7.350000000000000000e+11 1.380534437455137049e+04 1.069584536103158098e+04
7.360000000000000000e+11 1.382129969904138852e+04 1.069933179085929623e+04
7.370000000000000000e+11 1.383725502351723662e+04 1.070281496247648101e+04
7.380000000000000000e+11 1.385321034793699437e+04 1.070629488392736130e+04
7.390000000000000000e+11 1.386916567224767823e+04 1.070977156322566407e+04
7.400000000000000000e+11 1.388512099638742257e+04 1.071324500835473737e+04
7.410000000000000000e+11 1.390107632031431967e+04 1.071671522726782678e+04
7.420000000000000000e+11 1.391703164410412319e+04 1.072018222788827552e+04
7.430000000000000000e+11 1.393298696786919027e+04 1.072364601810975728e+04
7.440000000000000000e+11 1.394894229155950597e+04 1.072710660579001706e+04
7.450000000000000000e+11 1.396489761520751017e+04 1.073056399863566548e+04
7.460000000000000000e+11 1.398085293884764178e+04 1.073401820438301002e+04
7.470000000000000000e+11 1.399680826250767859e+04 1.073746923078171858e+04
7.480000000000000000e+11 1.401276358620888459e+04 1.074091708555099467e+04
7.490000000000000000e+11 1.402871890996592265e+04 1.074436177637972833e+04
7.500000000000000000e+11 1.404467423378684180e+04 1.074780331093942186e+04
7.510000000000000000e+11 1.406062955767312633e+04 1.075124169691205861e+04
7.520000000000000000e+11 1.407658488161962487e+04 1.075467694191098417e+04
7.530000000000000000e+11 1.409254020561462312e+04 1.075810905351587098e+04
7.540000000000000000e+11 1.410849552963978931e+04 1.076153803927755689e+04
7.550000000000000000e+11 1.412445085367024876e+04 1.076496390671819063e+04
7.560000000000000000e+11 1.414040617767463118e+04 1.076838666333141919e+04
7.570000000000000000e+11 1.415636150161507430e+04 1.077180631658254970e+04
7.580000000000000000e+11 1.417231682544735668e+04 1.077522287390874226e+04
7.590000000000000000e+11 1.418827214912092677e+04 1.077863634271917181e+04
7.600000000000000000e+11 1.420422747257938863e+04 1.078204673039521731e+04
7.610000000000000000e+11 1.422018279579551927e+04 1.078545404429060363e+04
7.620000000000000000e+11 1.423613811880397589e+04 1.078885829173162711e+04
7.630000000000000000e+11 1.425209344164137292e+04 1.079225948001726647e+04
7.640000000000000000e+11 1.426804876433523714e+04 1.079565761641941754e+04
7.650000000000000000e+11 1.428400408690382392e+04 1.079905270818305689e+04
7.660000000000000000e+11 1.429995940936024272e+04 1.080244476252636741e+04
7.670000000000000000e+11 1.431591473173908162e+04 1.080583378664097836e+04
7.680000000000000000e+11 1.433187005409344783e+04 1.080921978769211273e+04
7.690000000000000000e+11 1.434782537649957521e+04 1.081260277281874733e+04
7.700000000000000000e+11 1.436378069897654859e+04 1.081598274913383102e+04
7.710000000000000000e+11 1.437973602153138563e+04 1.081935972372442848e+04
7.720000000000000000e+11 1.439569134415797998e+04 1.082273370365190749e+04
7.730000000000000000e+11 1.441164666685410339e+04 1.082610469595211362e+04
7.740000000000000000e+11 1.442760198961380775e+04 1.082947270762632797e+04
7.750000000000000000e+11 1.444355731242671027e+04 1.083283774555757009e+04
7.760000000000000000e+11 1.445951263527817537e+04 1.083619981666233252e+04
7.770000000000000000e+11 1.447546795814928009e+04 1.083955892785540163e+04
7.780000000000000000e+11 1.449142328101704152e+04 1.084291508602552130e+04
7.790000000000000000e+11 1.450737860385445128e+04 1.084626829803547116e+04
7.800000000000000000e+11 1.452333392663035011e+04 1.084961857074876389e+04
7.810000000000000000e+11 1.453928924917716358e+04 1.085296591100591650e+04
7.820000000000000000e+11 1.455524457134359909e+04 1.085631032560026324e+04
7.830000000000000000e+11 1.457119989319842534e+04 1.085965182130020003e+04
7.840000000000000000e+11 1.458715521480502321e+04 1.086299040484936450e+04
7.850000000000000000e+11 1.460311053621999781e+04 1.086632608296676335e+04
7.860000000000000000e+11 1.461906585749318583e+04 1.086965886234692880e+04
7.870000000000000000e+11 1.463502117866769186e+04 1.087298874966003496e+04
7.880000000000000000e+11 1.465097649977970650e+04 1.087631575155205064e+04
7.890000000000000000e+11 1.466693182085854824e+04 1.087963987464489765e+04
7.900000000000000000e+11 1.468288714192163388e+04 1.088296112553656531e+04
7.910000000000000000e+11 1.469884246297560276e+04 1.088627951080127241e+04
7.920000000000000000e+11 1.471479778403034652e+04 1.088959503698962180e+04
7.930000000000000000e+11 1.473075310515516685e+04 1.089290771062870590e+04
7.940000000000000000e+11 1.474670842639418333e+04 1.089621753822227038e+04
7.950000000000000000e+11 1.476266374777270357e+04 1.089952452625087972e+04
7.960000000000000000e+11 1.477861906933300997e+04 1.090282868117200996e+04
7.970000000000000000e+11 1.479457439107977916e+04 1.090613000942022518e+04
7.980000000000000000e+11 1.481052971299958699e+04 1.090942851740732476e+04
7.990000000000000000e+11 1.482648503507981695e+04 1.091272421152248535e+04
8.000000000000000000e+11 1.484244035730269752e+04 1.091601709813234629e+04
8.010000000000000000e+11 1.485839567964477101e+04 1.091930718358126251e+04
8.020000000000000000e+11 1.487435100208190124e+04 1.092259447419135540e+04
8.030000000000000000e+11 1.489030632463495203e+04 1.092587897626269114e+04
8.040000000000000000e+11 1.490626164734465419e+04 1.092916069606197016e+04
8.050000000000000000e+11 1.492221697024612513e+04 1.093243963976477608e+04
8.060000000000000000e+11 1.493817229336870514e+04 1.093571581357782452e+04
8.070000000000000000e+11 1.495412761673594105e+04 1.093898922369844877e+04
8.080000000000000000e+11 1.497008294036571715e+04 1.094225987630154486e+04
8.090000000000000000e+11 1.498603826427014064e+04 1.094552777754310227e+04
8.100000000000000000e+11 1.500199358845567076e+04 1.094879293358347059e+04
8.110000000000000000e+11 1.501794891292307329e+04 1.095205535054243046e+04
8.120000000000000000e+11 1.503390423766762979e+04 1.095531503451216304e+04
8.130000000000000000e+11 1.504985956267905385e+04 1.095857199156332899e+04
8.140000000000000000e+11 1.506581488794156576e+04 1.096182622774523952e+04
8.150000000000000000e+11 1.508177021343402339e+04 1.096507774908588908e+04
8.160000000000000000e+11 1.509772553912992043e+04 1.096832656159215003e+04
8.170000000000000000e+11 1.511368086499770106e+04 1.097157267124984173e+04
8.180000000000000000e+11 1.512963619099743664e+04 1.097481608402386883e+04
8.190000000000000000e+11 1.514559151693112835e+04 1.097805680585832306e+04
8.200000000000000000e+11 1.516154684264527896e+04 1.098129484267662701e+04
8.210000000000000000e+11 1.517750216805963646e+04 1.098453020038162504e+04
8.220000000000000000e+11 1.519345749308784252e+04 1.098776288485570876e+04
8.230000000000000000e+11 1.520941281763748339e+04 1.099099290196093170e+04
8.240000000000000000e+11 1.522536814162325754e+04 1.099422025753913476e+04
8.250000000000000000e+11 1.524132346505810710e+04 1.099744495741205537e+04
8.260000000000000000e+11 1.525727878799842074e+04 1.100066700738145119e+04
8.270000000000000000e+11 1.527323411050144932e+04 1.100388641322921831e+04
8.280000000000000000e+11 1.528918943282970577e+04 1.100710318071749134e+04
8.290000000000000000e+11 1.530514475516561106e+04 1.101031731558877618e+04
8.300000000000000000e+11 1.532110007757822495e+04 1.101352882356606278e+04
8.310000000000000000e+11 1.533705540009664946e+04 1.101673771035297432e+04
8.320000000000000000e+11 1.535301072276501327e+04 1.101994398163381265e+04
8.330000000000000000e+11 1.536896604562889661e+04 1.102314764307375117e+04
8.340000000000000000e+11 1.538492136873876370e+04 1.102634870029883859e+04
8.350000000000000000e+11 1.540087669213413392e+04 1.102954715884202233e+04
8.360000000000000000e+11 1.541683201584431299e+04 1.103274302428827286e+04
8.370000000000000000e+11 1.543278733989585089e+04 1.103593630221336389e+04
8.380000000000000000e+11 1.544874266431049546e+04 1.103912699817377143e+04
8.390000000000000000e+11 1.546469798910576901e+04 1.104231511772214799e+04
8.400000000000000000e+11 1.548065331429390608e+04 1.104550066640815203e+04
8.410000000000000000e+11 1.549660863988202436e+04 1.104868364973655844e+04
8.420000000000000000e+11 1.551256396587249037e+04 1.105186407319284262e+04
8.430000000000000000e+11 1.552851929226286848e+04 1.105504194224398634e+04
8.440000000000000000e+11 1.554447461904596821e+04 1.105821726233848858e+04
8.450000000000000000e+11 1.556042994620988793e+04 1.106139003890656750e+04
8.460000000000000000e+11 1.557638527373809302e+04 1.106456027736018223e+04
8.470000000000000000e+11 1.559234060160931585e+04 1.106772798309320569e+04
8.480000000000000000e+11 1.560829592979781773e+04 1.107089316148147918e+04
8.490000000000000000e+11 1.562425125827315242e+04 1.107405581788293784e+04
8.500000000000000000e+11 1.564020658700043896e+04 1.107721595763773621e+04
8.510000000000000000e+11 1.565616191594020711e+04 1.108037358606833550e+04
8.520000000000000000e+11 1.567211724504851190e+04 1.108352870847958184e+04
8.530000000000000000e+11 1.568807257427692457e+04 1.108668133015888998e+04
8.540000000000000000e+11 1.570402790357253980e+04 1.108983145637627058e+04
8.550000000000000000e+11 1.571998323287807580e+04 1.109297909238446482e+04
8.560000000000000000e+11 1.573593856211562525e+04 1.109612424341908263e+04
8.570000000000000000e+11 1.575189389107029456e+04 1.109926691469867546e+04
8.580000000000000000e+11 1.576784921961730470e+04 1.110240711142484361e+04
8.590000000000000000e+11 1.578380454765807917e+04 1.110554483878237443e+04
8.600000000000000000e+11 1.579975987508824801e+04 1.110868010193929513e+04
8.610000000000000000e+11 1.581571520179761501e+04 1.111181290604705646e+04
8.620000000000000000e+11 1.583167052767014138e+04 1.111494325624059275e+04
8.630000000000000000e+11 1.584762585258380568e+04 1.111807115763841648e+04
8.640000000000000000e+11 1.586358117641053104e+04 1.112119661534278202e+04
8.650000000000000000e+11 1.587953649901362769e+04 1.112431963443974928e+04
8.660000000000000000e+11 1.589549182029445001e+04 1.112744021999932738e+04
8.670000000000000000e+11 1.591144714022396329e+04 1.113055837707554565e+04
8.680000000000000000e+11 1.592740245870733452e+04 1.113367411070661547e+04
8.690000000000000000e+11 1.594335777562706244e+04 1.113678742591498303e+04
8.700000000000000000e+11 1.595931309084530039e+04 1.113989832770750763e+04
8.710000000000000000e+11 1.596362903232227654e+04 1.114300682107550710e+04
8.720000000000000000e+11 1.596700807204892953e+04 1.114611291099494156e+04
8.730000000000000000e+11 1.597038215156367914e+04 1.114921660242643520e+04
8.740000000000000000e+11 1.597375128310153559e+04 1.115231790021511006e+04
8.750000000000000000e+11 1.597711547885505024e+04 1.115541680909241586e+04
8.760000000000000000e+11 1.598047475097453207e+04 1.115851333393846653e+04
8.770000000000000000e+11 1.598382911156816954e+04 1.116160747962046480e+04
8.780000000000000000e+11 1.598717857270233435e+04 1.116469925101142508e+04
8.790000000000000000e+11 1.599052314640167242e+04 1.116778865302561098e+04
8.800000000000000000e+11 1.599386284464933669e+04 1.117087569049834383e+04
8.810000000000000000e+11 1.599719767938719633e+04 1.117396036824342991e+04
8.820000000000000000e+11 1.600052766251597131e+04 1.117704269105905769e+04
8.830000000000000000e+11 1.600385280589547256e+04 1.118012266372795966e+04
8.840000000000000000e+11 1.600717312134472377e+04 1.118320029101745240e+04
8.850000000000000000e+11 1.601048862064223431e+04 1.118627557767948019e+04
8.860000000000000000e+11 1.601379931552608650e+04 1.118934852845080059e+04
8.870000000000000000e+11 1.601710521769419029e+04 1.119241914805297347e+04
8.880000000000000000e+11 1.602040633880441601e+04 1.119548744119247931e+04
8.890000000000000000e+11 1.602370269047484726e+04 1.119855341256078100e+04
8.900000000000000000e+11 1.602699428428383180e+04 1.120161706683445846e+04
8.910000000000000000e+11 1.603028113177027262e+04 1.120467840867521045e+04
8.920000000000000000e+11 1.603356324443379344e+04 1.120773744273002740e+04
8.930000000000000000e+11 1.603684063373485515e+04 1.121079417363118955e+04
8.940000000000000000e+11 1.604011331106528451e+04 1.121384860599639251e+04
8.950000000000000000e+11 1.604338128770160984e+04 1.121690074442885634e+04
8.960000000000000000e+11 1.604664457496461910e+04 1.121995059351732198e+04
8.970000000000000000e+11 1.604990318414350259e+04 1.122299815783624945e+04
8.980000000000000000e+11 1.605315712648830413e+04 1.122604344194580153e+04
8.990000000000000000e+11 1.605640641321008479e+04 1.122908645039196381e+04
9.000000000000000000e+11 1.605965105548103020e+04 1.123212718770665924e+04
9.010000000000000000e+11 1.606289106443463243e+04 1.123516565840778640e+04
9.020000000000000000e+11 1.606612645116578096e+04 1.123820186699931219e+04
9.030000000000000000e+11 1.606935722673098098e+04 1.124123581797137740e+04
9.040000000000000000e+11 1.607258340219809725e+04 1.124426751580037671e+04
9.050000000000000000e+11 1.607580498866611561e+04 1.124729696494899326e+04
9.060000000000000000e+11 1.607902199709964225e+04 1.125032416986636781e+04
9.070000000000000000e+11 1.608223443842262350e+04 1.125334913498812602e+04
9.080000000000000000e+11 1.608544232352232575e+04 1.125637186473647853e+04
9.090000000000000000e+11 1.608864566324946645e+04 1.125939236352029548e+04
9.100000000000000000e+11 1.609184446841844147e+04 1.126241063573521023e+04
9.110000000000000000e+11 1.609503874980737055e+04 1.126542668576369579e+04
9.120000000000000000e+11 1.609822851815837021e+04 1.126844051797516477e+04
9.130000000000000000e+11 1.610141378417764463e+04 1.127145213672514910e+04
9.140000000000000000e+11 1.610459455853568215e+04 1.127446154624388146e+04
9.150000000000000000e+11 1.610777085186737349e+04 1.127746875076838114e+04
9.160000000000000000e+11 1.611094267477220637e+04 1.128047375459514296e+04
9.170000000000000000e+11 1.611411003781439649e+04 1.128347656201477184e+04
9.180000000000000000e+11 1.611727295152304760e+04 1.128647717734951220e+04
9.190000000000000000e+11 1.612043142639231155e+04 1.128947560487076407e+04
9.200000000000000000e+11 1.612358547288153386e+04 1.129247184882807414e+04
9.210000000000000000e+11 1.612673510141542283e+04 1.129546591345782144e+04
9.220000000000000000e+11 1.612988032238416599e+04 1.129845780298328282e+04
9.230000000000000000e+11 1.613302114614360471e+04 1.130144752161475481e+04
9.240000000000000000e+11 1.613615758301539063e+04 1.130443507354954090e+04
9.250000000000000000e+11 1.613928964328710754e+04 1.130742046297206980e+04
9.260000000000000000e+11 1.614241733721246419e+04 1.131040369405394449e+04
9.270000000000000000e+11 1.614554067501137251e+04 1.131338477095400231e+04
9.280000000000000000e+11 1.614865966687016589e+04 1.131636369781839312e+04
9.290000000000000000e+11 1.615177432294169193e+04 1.131934047878063575e+04
9.300000000000000000e+11 1.615488465334548710e+04 1.132231511796168343e+04
9.310000000000000000e+11 1.615799066816791856e+04 1.132528761946999475e+04
9.320000000000000000e+11 1.616109237742064033e+04 1.132825798740160099e+04
9.330000000000000000e+11 1.616418979105791732e+04 1.133122622584015880e+04
9.340000000000000000e+11 1.616728291905537480e+04 1.133419233885704307e+04
9.350000000000000000e+11 1.617037177135577076e+04 1.133715633051137411e+04
9.360000000000000000e+11 1.617345635786880848e+04 1.134011820485012322e+04
9.370000000000000000e+11 1.617653668847112567e+04 1.134307796590814723e+04
9.380000000000000000e+11 1.617961277300653092e+04 1.134603561770828674e+04
9.390000000000000000e+11 1.618268462128605643e+04 1.134899116426138789e+04
9.400000000000000000e+11 1.618575224308806355e+04 1.135194460956643888e+04
9.410000000000000000e+11 1.618881564815983438e+04 1.135489595761054261e+04
9.420000000000000000e+11 1.619187484629009305e+04 1.135784521236906949e+04
9.430000000000000000e+11 1.619492984721250468e+04 1.136079237780568656e+04
9.440000000000000000e+11 1.619798066058985387e+04 1.136373745787241751e+04
9.450000000000000000e+11 1.620102729605362765e+04 1.136668045650974273e+04
9.460000000000000000e+11 1.620406976320407921e+04 1.136962137764660292e+04
9.470000000000000000e+11 1.620710807161045523e+04 1.137256022520055922e+04
9.480000000000000000e+11 1.621014223081106320e+04 1.137549700307777312e+04
9.490000000000000000e+11 1.621317225031339331e+04 1.137843171517313385e+04
9.500000000000000000e+11 1.621619813959431485e+04 1.138136436537030750e+04
9.510000000000000000e+11 1.621921990810013085e+04 1.138429495754177697e+04
9.520000000000000000e+11 1.622223756524676173e+04 1.138722349554896937e+04
9.530000000000000000e+11 1.622525112041984903e+04 1.139014998323290456e+04
9.540000000000000000e+11 1.622826058297489544e+04 1.139307442431978961e+04
9.550000000000000000e+11 1.623126596223739216e+04 1.139599682259198562e+04
9.560000000000000000e+11 1.623426726750289163e+04 1.139891718185262107e+04
9.570000000000000000e+11 1.623726450803725129e+04 1.140183550593032305e+04
9.580000000000000000e+11 1.624025769307662995e+04 1.140475179862042387e+04
9.590000000000000000e+11 1.624324683182768604e+04 1.140766606369477631e+04
9.600000000000000000e+11 1.624623193346771222e+04 1.141057830491406457e+04
9.610000000000000000e+11 1.624921300714469726e+04 1.141348852602782426e+04
9.620000000000000000e+11 1.625219006197748604e+04 1.141639673077449697e+04
9.630000000000000000e+11 1.625516310705592514e+04 1.141930292288148303e+04
9.640000000000000000e+11 1.625813215144093556e+04 1.142220710606520515e+04
9.650000000000000000e+11 1.626109720416465279e+04 1.142510928403112848e+04
9.660000000000000000e+11 1.626405827423055962e+04 1.142800946047385878e+04
9.670000000000000000e+11 1.626701537061358431e+04 1.143090763907715336e+04
9.680000000000000000e+11 1.626996850226023707e+04 1.143380382351399749e+04
9.690000000000000000e+11 1.627291767808785517e+04 1.143669801744665529e+04
9.700000000000000000e+11 1.627586290693799492e+04 1.143959022452670979e+04
9.710000000000000000e+11 1.627880419763866485e+04 1.144248044839511022e+04
9.720000000000000000e+11 1.628174155901499944e+04 1.144536869268227019e+04
9.730000000000000000e+11 1.628467499986380062e+04 1.144825496100804412e+04
9.740000000000000000e+11 1.628760452895365779e+04 1.145113925698185267e+04
9.750000000000000000e+11 1.629053015502507697e+04 1.145402158420268643e+04
9.760000000000000000e+11 1.629345188679048260e+04 1.145690194625918593e+04
9.770000000000000000e+11 1.629636973293443953e+04 1.145978034672969079e+04
9.780000000000000000e+11 1.629928370211366018e+04 1.146265678918225967e+04
9.790000000000000000e+11 1.630219380296940653e+04 1.146553127717478674e+04
9.800000000000000000e+11 1.630510004417237724e+04 1.146840381425499072e+04
9.810000000000000000e+11 1.630800243431570561e+04 1.147127440396049133e+04
9.820000000000000000e+11 1.631090098195641622e+04 1.147414304981889836e+04
9.830000000000000000e+11 1.631379569562470351e+04 1.147700975534778445e+04
9.840000000000000000e+11 1.631668658382414651e+04 1.147987452405484328e+04
9.850000000000000000e+11 1.631957365503172696e+04 1.148273735943782958e+04
9.860000000000000000e+11 1.632245691769801488e+04 1.148559826498471375e+04
9.870000000000000000e+11 1.632533638024722677e+04 1.148845724417365454e+04
9.880000000000000000e+11 1.632821205107734204e+04 1.149131430047311915e+04
9.890000000000000000e+11 1.633108393856021939e+04 1.149416943734187407e+04
9.900000000000000000e+11 1.633395205104170782e+04 1.149702265822911431e+04
9.910000000000000000e+11 1.633681639684175025e+04 1.149987396657444333e+04
9.920000000000000000e+11 1.633967698425445269e+04 1.150272336580794945e+04
9.930000000000000000e+11 1.634253382154825704e+04 1.150557085933000599e+04
9.940000000000000000e+11 1.634538691696598289e+04 1.150841645046732083e+04
9.950000000000000000e+11 1.634823627872496400e+04 1.151126014260247757e+04
9.960000000000000000e+11 1.635108191501714828e+04 1.151410193913989860e+04
9.970000000000000000e+11 1.635392383400919061e+04 1.151694184346738984e+04
9.980000000000000000e+11 1.635676204384256198e+04 1.151977985894963240e+04
9.990000000000000000e+11 1.635959655263364039e+04 1.152261598894174131e+04
 
